COUNTY|MUNICIPALITY|W/P|CG|SS|SR|CC|D|G|R|U|AL|L|S|TOTAL|
AND|AUBURN|1-1|2|20|62|5|631|132|404|604|0|27|0|1798|
AND|AUBURN|1-1|2|20|64|5|128|20|133|140|0|8|0|429|
AND|AUBURN|1-1|2|20|64|6|333|38|325|366|0|9|0|1071|
AND|AUBURN|2-1|2|20|62|5|209|38|120|244|0|20|0|631|
AND|AUBURN|2-1|2|20|64|5|621|88|402|634|0|18|0|1763|
AND|AUBURN|2-1|2|20|64|6|333|29|291|381|0|9|0|1043|
AND|AUBURN|3-1|2|20|62|5|219|42|119|237|0|27|0|644|
AND|AUBURN|3-1|2|20|63|5|286|30|281|308|0|10|0|915|
AND|AUBURN|3-1|2|20|63|6|405|45|380|520|0|7|0|1357|
AND|AUBURN|3-1|2|20|64|6|95|10|90|124|0|2|0|321|
AND|AUBURN|4-1|2|20|62|5|284|47|129|266|0|17|0|743|
AND|AUBURN|4-1|2|20|63|5|189|29|149|242|0|4|0|613|
AND|AUBURN|4-1|2|20|63|6|406|59|452|482|0|13|0|1412|
AND|AUBURN|5-1|2|20|62|5|388|69|197|461|0|27|0|1142|
AND|AUBURN|5-1|2|20|63|5|450|73|327|513|0|17|0|1380|
AND|AUBURN|5-1|2|20|63|6|157|36|192|323|0|4|0|712|
AND|DURHAM|1-1|2|22|46|3|899|203|1026|1357|0|16|0|3501|
AND|GREENE|1-1|2|22|57|3|870|207|1024|1223|0|27|0|3351|
AND|LEEDS|1-1|2|22|75|7|487|114|506|659|0|6|0|1772|
AND|LEWISTON|1-1|2|21|59|2|803|90|382|556|0|28|0|1859|
AND|LEWISTON|1-1|2|21|60|2|1472|126|323|966|0|43|0|2930|
AND|LEWISTON|2-1|2|21|59|2|1539|174|963|1187|0|36|0|3899|
AND|LEWISTON|3-1|2|21|59|2|653|40|112|345|0|2|0|1152|
AND|LEWISTON|3-1|2|21|60|1|1687|235|418|1405|0|143|0|3888|
AND|LEWISTON|4-1|2|21|58|1|169|21|116|108|0|3|0|417|
AND|LEWISTON|4-1|2|21|58|2|385|55|187|321|0|20|0|968|
AND|LEWISTON|4-1|2|21|58|3|427|55|271|364|0|21|0|1138|
AND|LEWISTON|4-1|2|21|59|2|346|59|201|277|0|10|0|893|
AND|LEWISTON|5-1|2|21|60|2|285|49|151|253|0|10|0|748|
AND|LEWISTON|5-1|2|21|61|1|914|122|188|725|0|149|0|2098|
AND|LEWISTON|6-1|2|21|58|3|1103|168|878|900|0|29|0|3078|
AND|LEWISTON|6-1|2|21|61|1|214|29|99|138|0|11|0|491|
AND|LEWISTON|6-1|2|21|61|3|101|10|58|66|0|1|0|236|
AND|LEWISTON|7-1|2|21|58|1|346|52|211|250|0|11|0|870|
AND|LEWISTON|7-1|2|21|61|1|919|140|544|879|0|75|0|2557|
AND|LISBON|1-1|2|22|56|4|872|110|1037|1297|0|28|0|3344|
AND|LISBON|2-1|2|22|56|4|874|114|1019|1352|0|21|0|3380|
AND|LIVERMORE|1-1|2|18|74|7|341|44|300|299|0|0|0|984|
AND|LIVERMORE|1-1|2|18|75|7|243|48|303|305|0|1|0|900|
AND|LIVERMORE FALLS|1-1|2|18|74|7|608|112|419|766|0|20|0|1925|
AND|MECHANIC FALLS|1-1|2|20|72|6|531|106|591|848|0|16|0|2092|
AND|MINOT|1-1|2|20|64|7|477|127|692|773|0|12|0|2081|
AND|POLAND|1-1|2|20|65|6|645|136|740|937|0|13|0|2471|
AND|POLAND|1-1|2|20|66|6|492|123|586|731|0|6|0|1938|
AND|SABATTUS|1-1|2|22|57|4|1099|207|1079|1464|0|51|0|3900|
AND|TURNER|1-1|2|22|75|7|1065|126|1523|1658|0|28|0|4400|
AND|WALES|1-1|2|22|82|4|205|65|368|428|0|6|0|1072|
ARO|ALLAGASH|1-1|2|1|151|3|100|4|60|87|0|0|0|251|
ARO|AMITY|1-1|2|2|144|1|29|2|62|63|0|0|0|156|
ARO|ASHLAND|1-1|2|1|151|2|253|6|214|413|0|1|0|887|
ARO|BENEDICTA TWP|1-1|2|2|144|1|26|3|46|70|0|0|0|145|
ARO|BLAINE|1-1|2|2|146|1|98|19|250|173|0|0|0|540|
ARO|BRIDGEWATER|1-1|2|2|145|1|84|22|162|117|0|1|0|386|
ARO|CARIBOU|1-1|2|1|149|2|1626|208|1753|2020|0|26|0|5633|
ARO|CARY PLT|1-1|2|2|144|1|21|22|72|38|0|1|0|154|
ARO|CASTLE HILL|1-1|2|1|146|2|61|17|125|109|0|0|0|312|
ARO|CASWELL|1-1|2|1|148|3|91|11|43|61|0|1|0|207|
ARO|CHAPMAN|1-1|2|2|146|2|91|14|112|124|0|0|0|341|
ARO|CONNOR TWP|1-1|2|1|148|3|88|14|69|129|0|0|0|300|
ARO|CROSS LAKE TWP (T17 R5)|1-1|2|1|150|3|55|15|47|20|0|0|0|137|
ARO|CRYSTAL|1-1|2|2|145|1|29|10|84|67|0|2|0|192|
ARO|CYR PLT|1-1|2|1|148|3|27|6|23|10|0|0|0|66|
ARO|DYER BROOK|1-1|2|2|145|1|36|9|79|64|0|1|0|189|
ARO|EAGLE LAKE|1-1|2|1|151|3|323|20|113|211|0|1|0|668|
ARO|EASTON|1-1|2|2|148|1|241|36|360|283|0|1|0|921|
ARO|FORT FAIRFIELD|1-1|2|2|148|1|781|103|673|778|0|4|0|2339|
ARO|FORT KENT|1-1|2|1|151|3|27|3|16|14|0|0|0|60|
ARO|FORT KENT|1-2|2|1|151|3|83|2|43|55|0|0|0|183|
ARO|FORT KENT|1-3|2|1|151|3|139|6|87|106|0|0|0|338|
ARO|FORT KENT|1-4|2|1|151|3|1192|47|463|727|0|0|0|2429|
ARO|FORT KENT|2-1|2|1|151|2|5|0|1|1|0|0|0|7|
ARO|FRENCHVILLE|1-1|2|1|150|3|429|41|113|227|0|1|0|811|
ARO|GARFIELD PLT|1-1|2|1|151|2|9|2|29|21|0|0|0|61|
ARO|GLENWOOD PLT|1-1|2|2|144|1|4|0|0|2|0|0|0|6|
ARO|GRAND ISLE|1-1|2|1|150|3|200|18|38|70|0|2|0|328|
ARO|HAMLIN|1-1|2|1|148|3|57|1|30|40|0|0|0|128|
ARO|HAMMOND|1-1|2|2|145|1|8|1|24|32|0|0|0|65|
ARO|HAYNESVILLE|1-1|2|2|144|1|25|1|22|46|0|0|0|94|
ARO|HERSEY|1-1|2|2|145|1|6|1|29|21|0|0|0|57|
ARO|HODGDON|1-1|2|2|144|1|170|28|404|323|0|5|0|930|
ARO|HOULTON|1-1|2|2|144|1|818|145|1297|1369|0|12|0|3641|
ARO|ISLAND FALLS|1-1|2|2|145|1|146|19|205|179|0|3|0|552|
ARO|LIMESTONE|1-1|2|1|148|3|568|73|399|789|0|7|0|1836|
ARO|LINNEUS|1-1|2|2|145|1|88|17|265|312|0|2|0|684|
ARO|LITTLETON|1-1|2|2|145|1|110|10|241|268|0|0|0|629|
ARO|LUDLOW|1-1|2|2|145|1|50|14|107|152|0|0|0|323|
ARO|MACWAHOC PLT|1-1|2|2|144|1|20|9|13|9|0|0|0|51|
ARO|MADAWASKA|1-1|2|1|150|3|1754|101|453|821|0|1|0|3130|
ARO|MADAWASKA LAKE|1-1|2|1|150|3|38|4|54|26|0|0|0|122|
ARO|MAPLETON|1-1|2|1|146|2|98|28|126|123|0|0|0|375|
ARO|MAPLETON|1-2|2|1|146|2|32|7|91|61|0|1|0|192|
ARO|MAPLETON|1-3|2|1|146|2|181|48|370|231|0|6|0|836|
ARO|MARS HILL|1-1|2|2|146|1|186|25|456|361|0|4|0|1032|
ARO|MASARDIS|1-1|2|1|151|2|37|9|53|73|0|1|0|173|
ARO|MERRILL|1-1|2|2|145|1|35|5|51|60|0|0|0|151|
ARO|MONTICELLO|1-1|2|2|145|1|106|14|234|232|0|1|0|587|
ARO|MORO PLT|1-1|2|2|145|1|3|2|18|18|0|0|0|41|
ARO|NASHVILLE PLT|1-1|2|1|151|3|11|1|5|11|0|0|0|28|
ARO|NEW CANADA|1-1|2|1|151|3|88|8|43|57|0|0|0|196|
ARO|NEW LIMERICK|1-1|2|2|145|1|77|5|211|134|0|0|0|427|
ARO|NEW SWEDEN|1-1|2|1|149|3|112|12|169|207|0|1|0|501|
ARO|OAKFIELD|1-1|2|2|145|1|125|24|189|227|0|3|0|568|
ARO|ORIENT|1-1|2|2|144|1|22|1|40|49|0|1|0|113|
ARO|OXBOW NORTH TWP|1-1|2|1|151|1|9|1|27|13|0|0|0|50|
ARO|PERHAM|1-1|2|1|146|3|74|21|123|107|0|3|0|328|
ARO|PORTAGE LAKE|1-1|2|1|151|3|95|13|90|98|0|2|0|298|
ARO|PRESQUE ISLE|1-10|2|2|147|2|176|25|201|183|0|4|0|589|
ARO|PRESQUE ISLE|1-11|2|2|147|2|125|18|110|166|0|3|0|422|
ARO|PRESQUE ISLE|1-12|2|2|147|2|208|33|145|215|0|2|0|603|
ARO|PRESQUE ISLE|1-13|2|2|147|2|133|16|127|182|0|1|0|459|
ARO|PRESQUE ISLE|1-14|2|2|147|2|72|14|60|103|0|0|0|249|
ARO|PRESQUE ISLE|1-15|2|2|147|2|75|11|69|125|0|1|0|281|
ARO|PRESQUE ISLE|1-16|2|2|147|2|123|26|111|145|0|2|0|407|
ARO|PRESQUE ISLE|1-3|2|2|147|2|10|5|21|18|0|0|0|54|
ARO|PRESQUE ISLE|1-4|2|2|147|2|1|0|0|0|0|0|0|1|
ARO|PRESQUE ISLE|1-4|2|2|148|2|15|3|41|22|0|1|0|82|
ARO|PRESQUE ISLE|1-5|2|2|147|2|61|5|115|59|0|3|0|243|
ARO|PRESQUE ISLE|1-5|2|2|148|2|83|7|158|127|0|1|0|376|
ARO|PRESQUE ISLE|1-6|2|2|147|2|112|16|149|148|0|0|0|425|
ARO|PRESQUE ISLE|1-7|2|2|147|2|133|19|151|140|0|4|0|447|
ARO|PRESQUE ISLE|1-8|2|2|147|2|233|32|315|279|0|4|0|863|
ARO|PRESQUE ISLE|1-9|2|2|147|2|131|20|128|166|0|3|0|448|
ARO|PRESQUE ISLE|2-17|2|2|147|2|123|26|84|174|0|1|0|408|
ARO|PRESQUE ISLE|2-4|2|2|147|2|30|4|85|53|0|2|0|174|
ARO|PRESQUE ISLE|2-4|2|2|148|2|5|1|6|7|0|0|0|19|
ARO|PRESQUE ISLE|2-5|2|2|147|2|54|10|50|66|0|1|0|181|
ARO|REED PLT|1-1|2|2|144|1|18|6|42|48|0|0|0|114|
ARO|SAINT AGATHA|1-1|2|1|150|3|351|38|112|168|0|1|0|670|
ARO|SAINT FRANCIS|1-1|2|1|151|3|192|14|54|106|0|2|0|368|
ARO|SAINT JOHN PLT|1-1|2|1|151|3|118|4|29|76|0|2|0|229|
ARO|SHERMAN|1-1|2|2|145|1|87|22|264|240|0|0|0|613|
ARO|SILVER RIDGE TWP|1-1|2|2|144|1|6|4|31|24|0|0|0|65|
ARO|SINCLAIR|1-1|2|1|150|3|114|22|39|63|0|0|0|238|
ARO|SMYRNA|1-1|2|2|145|1|53|3|53|88|0|0|0|197|
ARO|STOCKHOLM|1-1|2|1|148|3|88|9|67|62|0|0|0|226|
ARO|VAN BUREN|1-1|2|1|150|3|708|44|183|421|0|0|0|1356|
ARO|WADE|1-1|2|1|146|3|53|13|84|63|0|0|0|213|
ARO|WALLAGRASS|1-1|2|1|151|3|195|12|53|122|0|0|0|382|
ARO|WASHBURN|1-1|2|1|146|2|272|24|395|336|0|2|0|1029|
ARO|WESTFIELD|1-1|2|2|146|2|100|25|142|154|0|0|0|421|
ARO|WESTMANLAND|1-1|2|1|149|3|10|6|25|20|0|0|0|61|
ARO|WESTON|1-1|2|2|144|1|57|9|92|89|0|1|0|248|
ARO|WINTERVILLE PLT|1-1|2|1|151|3|82|18|39|57|0|0|0|196|
ARO|WOODLAND|1-1|2|1|146|3|215|36|352|330|0|1|0|934|
CUM|BALDWIN|1-1|1|26|68|1|270|66|513|448|0|2|0|1299|
CUM|BRIDGTON|1-1|1|19|69|1|1230|274|1400|1544|0|25|0|4473|
CUM|BRUNSWICK|1-1|1|24|50|3|42|3|52|46|0|1|0|144|
CUM|BRUNSWICK|1-1|1|24|51|3|247|34|245|274|0|10|0|810|
CUM|BRUNSWICK|1-2|1|24|50|3|162|16|114|155|0|2|0|449|
CUM|BRUNSWICK|1-2|1|24|51|3|210|38|189|234|0|10|0|681|
CUM|BRUNSWICK|2-1|1|24|49|3|113|2|53|70|0|2|0|240|
CUM|BRUNSWICK|2-1|1|24|50|3|144|9|46|90|0|2|0|291|
CUM|BRUNSWICK|2-2|1|24|50|3|1199|53|410|719|0|11|0|2392|
CUM|BRUNSWICK|3-1|1|24|49|3|535|56|351|523|0|9|0|1474|
CUM|BRUNSWICK|3-2|1|24|49|3|432|37|225|396|0|4|0|1094|
CUM|BRUNSWICK|4-1|1|24|49|3|330|36|240|315|0|3|0|924|
CUM|BRUNSWICK|4-2|1|24|49|3|604|55|317|496|0|7|0|1479|
CUM|BRUNSWICK|5-1|1|24|50|3|140|14|83|106|0|1|0|344|
CUM|BRUNSWICK|5-2|1|24|50|3|908|100|525|802|0|16|0|2351|
CUM|BRUNSWICK|6-1|1|24|49|3|0|0|0|0|0|0|0|0|
CUM|BRUNSWICK|6-1|1|24|50|3|0|0|0|1|0|0|0|1|
CUM|BRUNSWICK|6-2|1|24|49|3|560|71|187|437|0|18|0|1273|
CUM|BRUNSWICK|6-2|1|24|50|3|865|54|192|521|0|7|0|1639|
CUM|BRUNSWICK|7-1|1|24|49|3|0|0|0|0|0|0|0|0|
CUM|BRUNSWICK|7-1|1|24|50|3|0|0|0|0|0|0|0|0|
CUM|BRUNSWICK|7-2|1|24|49|3|888|66|395|492|0|11|0|1852|
CUM|BRUNSWICK|7-2|1|24|50|3|1088|59|117|503|0|1|0|1768|
CUM|CAPE ELIZABETH|1-1|1|29|30|4|3681|151|1854|2212|0|21|0|7919|
CUM|CAPE ELIZABETH|1-1|1|29|32|4|192|9|90|119|0|2|0|412|
CUM|CASCO|1-1|1|26|66|2|657|137|714|948|0|7|0|2463|
CUM|CASCO|1-1|1|26|67|2|174|28|223|229|0|7|0|661|
CUM|CHEBEAGUE ISLAND|1-1|1|25|47|3|171|15|88|106|0|1|0|381|
CUM|CUMBERLAND|1-1|1|25|45|3|2474|180|2166|2222|0|28|0|7070|
CUM|FALMOUTH|1-1|1|25|43|2|831|36|594|640|0|3|0|2104|
CUM|FALMOUTH|1-1|1|25|44|2|2817|148|2244|2050|0|16|0|7275|
CUM|FREEPORT|1-1|1|24|48|3|789|60|338|582|0|12|0|1781|
CUM|FREEPORT|2-1|1|24|48|3|783|53|379|571|0|4|0|1790|
CUM|FREEPORT|3-1|1|24|48|3|812|38|396|546|0|8|0|1800|
CUM|FREEPORT|4-1|1|24|48|3|689|59|411|628|0|13|0|1800|
CUM|FRYE ISLAND|1-1|1|26|67|2|31|15|48|64|0|0|0|158|
CUM|GORHAM|1-1|1|30|27|1|1367|162|1190|1045|0|29|0|3793|
CUM|GORHAM|1-2|1|30|27|1|879|136|976|976|0|20|0|2987|
CUM|GORHAM|2-1|1|30|26|1|2376|384|2055|2498|0|58|0|7371|
CUM|GRAY|1-1|1|25|45|2|279|50|275|401|0|6|0|1011|
CUM|GRAY|1-1|1|25|67|2|1428|210|1679|2151|0|35|0|5503|
CUM|HARPSWELL|1-1|1|24|51|3|660|65|454|559|0|7|0|1745|
CUM|HARPSWELL|2-1|1|24|51|3|568|41|433|543|0|6|0|1591|
CUM|HARPSWELL|3-1|1|24|51|3|290|31|260|248|0|3|0|832|
CUM|HARRISON|1-1|1|19|69|2|472|95|615|671|0|6|0|1859|
CUM|LONG ISLAND|1-1|1|25|47|3|89|7|54|58|0|0|0|208|
CUM|NAPLES|1-1|1|19|68|2|797|184|1098|1162|0|20|0|3261|
CUM|NEW GLOUCESTER|1-1|1|20|65|2|1085|281|1301|1561|0|31|0|4259|
CUM|NORTH YARMOUTH|1-1|1|24|46|3|1204|143|980|1077|0|15|0|3419|
CUM|PORTLAND|1-1|1|27|39|5|3093|264|421|1474|0|33|0|5285|
CUM|PORTLAND|1-2|1|27|38|5|309|39|55|169|0|5|0|577|
CUM|PORTLAND|1-2|1|27|39|5|1283|139|218|933|0|28|0|2601|
CUM|PORTLAND|1-2|1|27|40|5|1439|234|284|1182|0|65|0|3204|
CUM|PORTLAND|1-3|1|27|39|5|605|30|89|245|0|4|0|973|
CUM|PORTLAND|1-45|1|27|39|5|78|8|41|53|0|0|0|180|
CUM|PORTLAND|2-1|1|27|38|5|4008|393|451|2055|0|31|0|6938|
CUM|PORTLAND|2-2|1|27|38|5|710|78|113|387|0|13|0|1301|
CUM|PORTLAND|2-2|1|27|40|5|2327|292|305|1345|0|40|0|4309|
CUM|PORTLAND|3-1|1|27|37|5|115|20|26|93|0|2|0|256|
CUM|PORTLAND|3-1|1|27|40|5|168|19|32|88|0|5|0|312|
CUM|PORTLAND|3-1|1|27|41|5|981|83|146|411|0|18|0|1639|
CUM|PORTLAND|3-1|1|27|42|5|134|17|19|64|0|4|0|238|
CUM|PORTLAND|3-1|1|28|36|5|33|0|17|14|0|0|0|64|
CUM|PORTLAND|3-1|1|28|37|5|1102|105|337|657|0|18|0|2219|
CUM|PORTLAND|3-1|1|28|41|5|853|89|169|423|0|12|0|1546|
CUM|PORTLAND|3-2|1|28|37|5|2076|141|616|1093|0|28|0|3954|
CUM|PORTLAND|3-2|1|28|41|5|675|39|116|372|0|9|0|1211|
CUM|PORTLAND|4-1|1|27|36|5|235|9|71|118|0|0|0|433|
CUM|PORTLAND|4-1|1|27|42|5|2498|224|627|1465|0|43|0|4857|
CUM|PORTLAND|4-1|1|28|36|5|129|20|37|102|0|2|0|290|
CUM|PORTLAND|4-1|1|28|41|5|797|67|156|352|0|6|0|1378|
CUM|PORTLAND|4-2|1|27|36|4|33|4|12|14|0|1|0|64|
CUM|PORTLAND|4-2|1|27|36|5|611|53|201|419|0|11|0|1295|
CUM|PORTLAND|4-2|1|27|42|4|208|13|78|131|0|2|0|432|
CUM|PORTLAND|4-2|1|27|42|5|907|52|366|523|0|14|0|1862|
CUM|PORTLAND|4-2|1|27|43|4|207|19|94|142|0|4|0|466|
CUM|PORTLAND|4-2|1|28|36|5|110|2|48|31|0|0|0|191|
CUM|PORTLAND|5-1|1|28|36|5|1056|66|298|796|0|14|0|2230|
CUM|PORTLAND|5-1|1|28|37|5|121|11|50|76|0|2|0|260|
CUM|PORTLAND|5-1|1|28|41|5|914|62|145|451|0|13|0|1585|
CUM|PORTLAND|5-2|1|28|36|4|21|3|10|19|0|0|0|53|
CUM|PORTLAND|5-2|1|28|36|5|707|66|257|555|0|11|0|1596|
CUM|PORTLAND|5-2|1|28|43|4|2186|177|1087|1546|0|28|0|5024|
CUM|POWNAL|1-1|1|24|46|3|267|46|255|325|0|5|0|898|
CUM|POWNAL|1-1|1|24|48|3|173|20|141|185|0|6|0|525|
CUM|RAYMOND|1-1|1|26|66|2|878|135|912|1073|0|23|0|3021|
CUM|RAYMOND|1-1|1|26|67|2|288|47|388|370|0|3|0|1096|
CUM|SCARBOROUGH|1-1|1|29|28|1|231|13|154|239|0|0|0|637|
CUM|SCARBOROUGH|1-1|1|29|29|1|708|53|526|592|0|8|0|1887|
CUM|SCARBOROUGH|1-1|1|30|27|1|293|31|308|365|0|3|0|1000|
CUM|SCARBOROUGH|1-1|1|30|28|1|2218|211|2298|2580|0|26|0|7333|
CUM|SCARBOROUGH|1-1|1|30|29|1|2213|161|1769|2250|0|25|0|6418|
CUM|SEBAGO|1-1|1|19|68|1|438|78|519|578|0|6|0|1619|
CUM|SOUTH PORTLAND|1-1|1|29|31|4|2308|176|632|1396|0|26|0|4538|
CUM|SOUTH PORTLAND|2-1|1|29|31|4|1664|131|535|1011|0|15|0|3356|
CUM|SOUTH PORTLAND|2-1|1|29|32|4|641|40|234|358|0|6|0|1279|
CUM|SOUTH PORTLAND|3-1|1|29|32|4|1102|120|442|772|0|14|0|2450|
CUM|SOUTH PORTLAND|3-1|1|29|33|4|757|75|293|580|0|20|0|1725|
CUM|SOUTH PORTLAND|4-1|1|29|32|4|1120|134|634|994|0|9|0|2891|
CUM|SOUTH PORTLAND|4-1|1|29|33|4|460|56|212|349|0|5|0|1082|
CUM|SOUTH PORTLAND|5-1|1|29|33|4|1392|166|640|1077|0|21|0|3296|
CUM|STANDISH|1-1|1|26|22|1|161|39|180|182|0|1|0|563|
CUM|STANDISH|1-1|1|26|23|1|1952|446|2289|2420|0|49|0|7156|
CUM|WESTBROOK|1-1|1|25|35|4|310|45|225|266|0|3|0|849|
CUM|WESTBROOK|1-1|1|28|34|4|602|61|292|450|0|13|0|1418|
CUM|WESTBROOK|1-1|1|28|35|4|201|24|134|191|0|6|0|556|
CUM|WESTBROOK|2-1|1|28|34|4|1154|134|556|906|0|22|0|2772|
CUM|WESTBROOK|3-1|1|28|34|4|1016|124|578|968|0|24|0|2710|
CUM|WESTBROOK|4-1|1|25|35|4|223|19|164|187|0|4|0|597|
CUM|WESTBROOK|4-1|1|28|35|4|895|99|309|699|0|13|0|2015|
CUM|WESTBROOK|5-1|1|25|35|4|896|87|587|686|0|7|0|2263|
CUM|WESTBROOK|5-1|1|28|35|4|258|20|144|194|0|3|0|619|
CUM|WINDHAM|1-1|1|26|24|2|1994|290|1961|2692|0|50|0|6987|
CUM|WINDHAM|1-1|1|26|25|2|1861|243|1857|2279|0|46|0|6286|
CUM|YARMOUTH|1-1|1|25|47|3|3205|288|1944|2310|0|18|0|7765|
FRA|AVON|1-1|2|17|112|3|91|16|104|147|0|4|0|362|
FRA|CARRABASSETT VALLEY|1-1|2|17|112|3|209|32|201|224|0|4|0|670|
FRA|CARTHAGE|1-1|2|17|112|1|113|16|113|174|0|5|0|421|
FRA|CHESTERVILLE|1-1|2|17|114|2|274|70|289|382|0|2|0|1017|
FRA|COPLIN PLT|1-1|2|17|117|3|35|8|46|39|0|1|0|129|
FRA|DALLAS PLT|1-1|2|17|117|3|59|10|82|90|0|1|0|242|
FRA|EUSTIS|1-1|2|17|117|3|146|35|209|266|0|1|0|657|
FRA|FARMINGTON|1-1|2|17|113|2|1953|374|1962|2185|0|101|0|6575|
FRA|INDUSTRY|1-1|2|17|114|3|170|29|208|276|0|4|0|687|
FRA|JAY|1-1|2|17|74|1|1237|109|853|1127|0|12|0|3338|
FRA|KINGFIELD|1-1|2|17|112|3|210|75|440|382|0|5|0|1112|
FRA|NEW SHARON|1-1|2|17|113|2|296|73|431|454|0|11|0|1265|
FRA|NEW VINEYARD|1-1|2|17|114|3|150|35|240|201|0|2|0|628|
FRA|PHILLIPS|1-1|2|17|112|3|222|45|290|414|0|2|0|973|
FRA|RANGELEY|1-1|2|17|117|3|246|76|417|431|0|5|0|1175|
FRA|RANGELEY PLT|1-1|2|17|117|3|47|10|79|62|0|0|0|198|
FRA|SANDY RIVER PLT|1-1|2|17|112|3|38|10|40|39|0|0|0|127|
FRA|STRONG|1-1|2|17|114|3|248|35|440|305|0|2|0|1030|
FRA|TEMPLE|1-1|2|17|114|1|157|26|131|157|0|0|0|471|
FRA|WELD|1-1|2|17|112|3|107|17|116|119|0|2|0|361|
FRA|WILTON|1-1|2|17|114|1|806|89|935|1081|0|13|0|2924|
HAN|AMHERST|1-1|2|7|137|1|50|6|81|79|0|1|0|217|
HAN|AURORA|1-1|2|7|137|1|14|4|41|31|0|0|0|90|
HAN|BAR HARBOR|1-1|2|7|135|3|2127|181|849|1433|0|12|0|4602|
HAN|BLUE HILL|1-1|2|7|133|1|1112|98|616|701|0|4|0|2531|
HAN|BROOKLIN|1-1|2|7|133|2|309|46|190|230|0|2|0|777|
HAN|BROOKSVILLE|1-1|2|7|133|2|339|47|206|232|0|2|0|826|
HAN|BUCKSPORT|1-1|2|8|130|2|1088|64|1178|1559|0|33|0|3922|
HAN|CASTINE|1-1|2|8|133|2|333|42|313|363|0|6|0|1057|
HAN|CRANBERRY ISLES|1-1|2|7|134|3|26|6|23|24|0|0|0|79|
HAN|CRANBERRY ISLES|2-1|2|7|134|3|43|4|15|39|0|2|0|103|
HAN|DEDHAM|1-1|2|8|131|2|369|51|497|494|0|1|0|1412|
HAN|DEER ISLE|1-1|2|7|134|2|624|58|385|637|0|3|0|1707|
HAN|EASTBROOK|1-1|2|7|137|1|68|14|127|131|0|1|0|341|
HAN|ELLSWORTH|1-1|2|7|132|1|666|88|838|742|0|7|0|2341|
HAN|ELLSWORTH|2-1|2|7|132|1|271|49|332|338|0|7|0|997|
HAN|ELLSWORTH|3-1|2|7|132|1|195|38|359|309|0|3|0|904|
HAN|ELLSWORTH|4-1|2|7|132|1|537|66|724|612|0|8|0|1947|
HAN|FRANKLIN|1-1|2|7|137|3|297|42|419|357|0|4|0|1119|
HAN|FRENCHBORO|1-1|2|7|134|3|14|3|11|19|0|0|0|47|
HAN|GOULDSBORO|1-1|2|6|136|1|412|70|561|529|0|1|0|1573|
HAN|GREAT POND|1-1|2|8|137|1|7|2|16|16|0|0|0|41|
HAN|HANCOCK|1-1|2|7|136|3|463|73|696|653|0|6|0|1891|
HAN|LAMOINE|1-1|2|7|135|3|437|65|551|455|0|1|0|1509|
HAN|MARIAVILLE|1-1|2|7|136|1|79|14|133|163|0|1|0|390|
HAN|MOUNT DESERT|1-1|2|7|135|3|554|47|273|336|0|2|0|1212|
HAN|MOUNT DESERT|1-2|2|7|135|3|244|23|195|237|0|2|0|701|
HAN|ORLAND|1-1|2|8|131|2|510|77|490|616|0|8|0|1701|
HAN|OSBORN|1-1|2|7|136|1|10|0|30|11|0|0|0|51|
HAN|OTIS|1-1|2|7|131|1|140|31|252|199|0|3|0|625|
HAN|PENOBSCOT|1-1|2|8|131|2|365|55|304|373|0|2|0|1099|
HAN|SEDGWICK|1-1|2|7|133|2|406|39|246|312|0|3|0|1006|
HAN|SORRENTO|1-1|2|7|136|1|104|8|94|76|0|1|0|283|
HAN|SOUTHWEST HARBOR|1-1|2|7|134|3|597|78|378|526|0|2|0|1581|
HAN|STONINGTON|1-1|2|7|134|2|305|36|172|389|0|1|0|903|
HAN|SULLIVAN|1-1|2|6|136|1|238|55|273|335|0|2|0|903|
HAN|SURRY|1-1|2|7|133|1|474|64|446|367|0|6|0|1357|
HAN|SWANS ISLAND|1-1|2|7|134|3|63|26|128|97|0|2|0|316|
HAN|TREMONT|1-1|2|7|134|3|389|43|311|430|0|0|0|1173|
HAN|TRENTON|1-1|2|7|132|3|347|75|406|494|0|3|0|1325|
HAN|VERONA ISLAND|1-1|2|8|131|2|133|14|147|144|0|5|0|443|
HAN|WALTHAM|1-1|2|7|136|1|51|11|141|83|0|0|0|286|
HAN|WINTER HARBOR|1-1|2|6|136|1|120|19|180|159|0|3|0|481|
KEN|ALBION|1-1|2|16|79|3|341|55|557|528|0|7|0|1488|
KEN|AUGUSTA|1-1|1|15|85|1|196|20|125|181|0|5|0|527|
KEN|AUGUSTA|1-1|1|15|86|1|1084|99|821|911|0|14|0|2929|
KEN|AUGUSTA|2-1|1|15|85|1|1254|155|972|1157|0|21|0|3559|
KEN|AUGUSTA|3-1|1|15|86|1|1109|128|886|1178|0|18|0|3319|
KEN|AUGUSTA|4-1|1|15|80|1|340|54|323|383|0|6|0|1106|
KEN|AUGUSTA|4-1|1|15|85|1|944|107|746|936|0|8|0|2741|
KEN|BELGRADE|1-1|2|17|76|3|694|110|882|946|0|10|0|2642|
KEN|BENTON|1-1|2|16|78|3|139|18|159|145|0|0|0|461|
KEN|BENTON|1-1|2|16|79|3|366|76|510|561|0|3|0|1516|
KEN|CHELSEA|1-1|1|14|88|1|577|96|603|788|0|4|0|2068|
KEN|CHINA|1-1|1|15|79|1|765|66|985|1126|0|6|0|2948|
KEN|CLINTON|1-1|2|16|106|3|600|105|733|922|0|8|0|2368|
KEN|FARMINGDALE|1-1|1|14|83|2|767|90|741|824|0|8|0|2430|
KEN|FAYETTE|1-1|2|17|76|2|299|67|261|309|0|0|0|936|
KEN|GARDINER|1-1|2|14|83|2|376|49|306|402|0|6|0|1139|
KEN|GARDINER|2-1|2|14|83|2|395|58|307|417|0|5|0|1182|
KEN|GARDINER|3-1|2|14|83|2|467|58|277|359|0|5|0|1166|
KEN|GARDINER|4-1|2|14|83|2|288|76|332|401|0|3|0|1100|
KEN|HALLOWELL|1-1|1|14|84|2|231|14|98|104|0|1|0|448|
KEN|HALLOWELL|2-1|1|14|84|2|232|12|61|114|0|2|0|421|
KEN|HALLOWELL|3-1|1|14|84|2|282|9|78|111|0|2|0|482|
KEN|HALLOWELL|4-1|1|14|84|2|193|19|71|91|0|0|0|374|
KEN|HALLOWELL|5-1|1|14|84|2|128|13|142|98|0|1|0|382|
KEN|LITCHFIELD|1-1|2|22|82|2|700|158|921|972|0|18|0|2769|
KEN|MANCHESTER|1-1|1|14|84|1|619|105|741|648|0|5|0|2118|
KEN|MONMOUTH|1-1|2|14|81|2|54|14|58|87|0|0|0|213|
KEN|MONMOUTH|1-1|2|14|82|2|795|164|1001|1104|0|17|0|3081|
KEN|MOUNT VERNON|1-1|2|17|76|2|432|81|394|523|0|5|0|1435|
KEN|OAKLAND|1-1|2|15|110|3|382|37|391|536|0|13|0|1359|
KEN|OAKLAND|1-1|2|15|77|3|883|102|1050|1243|0|15|0|3293|
KEN|PITTSTON|1-1|1|14|87|2|585|77|775|743|0|8|0|2188|
KEN|RANDOLPH|1-1|2|14|87|2|448|61|391|435|0|7|0|1342|
KEN|READFIELD|1-1|1|14|81|2|710|107|645|694|0|5|0|2161|
KEN|ROME|1-1|2|3|76|3|252|49|253|341|0|3|0|898|
KEN|SIDNEY|1-1|2|15|77|1|824|136|1264|1051|0|13|0|3288|
KEN|VASSALBORO|1-1|1|15|80|1|923|148|1074|1080|0|9|0|3234|
KEN|VIENNA|1-1|2|17|76|2|174|35|120|188|0|2|0|519|
KEN|WATERVILLE|1-1|1|16|110|3|491|47|303|555|0|15|0|1411|
KEN|WATERVILLE|2-1|1|16|110|3|571|58|264|530|0|8|0|1431|
KEN|WATERVILLE|3-1|1|16|110|3|1787|143|327|1147|0|8|0|3412|
KEN|WATERVILLE|4-1|1|16|109|3|783|73|468|524|0|9|0|1857|
KEN|WATERVILLE|5-1|1|16|109|3|654|56|404|566|0|7|0|1687|
KEN|WATERVILLE|6-1|1|16|109|3|620|70|249|426|0|24|0|1389|
KEN|WATERVILLE|6-1|1|16|110|3|138|14|55|95|0|3|0|305|
KEN|WATERVILLE|7-1|1|16|109|3|569|64|286|649|0|11|0|1579|
KEN|WAYNE|1-1|2|22|76|2|373|29|301|320|0|5|0|1028|
KEN|WEST GARDINER|1-1|2|14|84|2|757|155|983|1001|0|11|0|2907|
KEN|WINDSOR|1-1|1|13|80|1|432|109|695|626|0|8|0|1870|
KEN|WINSLOW|1-1|1|16|78|3|313|41|409|452|0|4|0|1219|
KEN|WINSLOW|2-1|1|16|78|3|411|41|293|430|0|2|0|1177|
KEN|WINSLOW|3-1|1|16|78|3|473|55|266|446|0|6|0|1246|
KEN|WINSLOW|4-1|1|16|78|3|434|52|366|368|0|3|0|1223|
KEN|WINSLOW|5-1|1|16|78|3|343|33|369|418|0|3|0|1166|
KEN|WINTHROP|1-1|1|14|81|2|1539|235|1516|1642|0|17|0|4949|
KNO|APPLETON|1-1|1|12|95|3|328|44|295|336|0|6|0|1009|
KNO|CAMDEN|1-1|1|12|94|3|2174|143|934|1236|0|8|0|4495|
KNO|CUSHING|1-1|1|12|92|2|310|60|352|432|0|2|0|1156|
KNO|FRIENDSHIP|1-1|1|12|91|2|229|55|380|328|0|1|0|993|
KNO|HOPE|1-1|1|12|95|3|407|48|381|349|0|3|0|1188|
KNO|ISLE AU HAUT|1-1|1|12|134|3|58|2|11|22|0|1|0|94|
KNO|MATINICUS ISLE PLT|1-1|1|12|92|3|25|3|23|35|0|0|0|86|
KNO|NORTH HAVEN|1-1|1|12|134|3|198|7|50|101|0|2|0|358|
KNO|OWLS HEAD|1-1|1|12|93|1|408|35|432|456|0|4|0|1335|
KNO|ROCKLAND|1-1|1|12|93|1|1946|203|1258|1781|0|10|0|5198|
KNO|ROCKPORT|1-1|1|12|94|3|1193|82|792|835|0|7|0|2909|
KNO|SAINT GEORGE|1-1|1|12|92|2|801|77|522|704|0|4|0|2108|
KNO|SOUTH THOMASTON|1-1|1|12|92|1|378|59|352|424|0|3|0|1216|
KNO|THOMASTON|1-1|1|12|92|1|699|127|571|644|0|11|0|2052|
KNO|UNION|1-1|1|12|91|2|167|35|244|235|0|0|0|681|
KNO|UNION|1-1|1|12|95|2|267|56|419|311|0|5|0|1058|
KNO|VINALHAVEN|1-1|1|12|134|3|388|45|162|423|0|3|0|1021|
KNO|WARREN|1-1|1|12|95|2|620|128|924|1047|0|11|0|2730|
KNO|WASHINGTON|1-1|1|13|91|2|307|64|380|470|0|8|0|1229|
LIN|ALNA|1-1|1|13|87|3|236|39|166|213|0|1|0|655|
LIN|BOOTHBAY|1-1|1|13|89|1|739|119|865|883|0|10|0|2616|
LIN|BOOTHBAY HARBOR|1-1|1|13|89|1|565|34|605|601|0|4|0|1809|
LIN|BREMEN|1-1|1|13|90|2|255|20|169|207|0|0|0|651|
LIN|BRISTOL|1-1|1|13|90|2|755|55|763|813|0|3|0|2389|
LIN|DAMARISCOTTA|1-1|1|13|90|3|735|84|461|603|0|2|0|1885|
LIN|DRESDEN|1-1|1|23|53|3|411|78|458|538|0|9|0|1494|
LIN|EDGECOMB|1-1|1|13|89|1|361|51|330|385|0|5|0|1132|
LIN|JEFFERSON|1-1|1|13|88|3|541|96|730|705|0|10|0|2082|
LIN|MONHEGAN ISLAND PLT|1-1|1|13|90|2|46|4|9|19|0|0|0|78|
LIN|NEWCASTLE|1-1|1|13|90|3|628|84|369|445|0|2|0|1528|
LIN|NOBLEBORO|1-1|1|13|88|2|208|41|303|246|0|1|0|799|
LIN|NOBLEBORO|1-1|1|13|90|2|256|34|209|219|0|1|0|719|
LIN|SOMERVILLE|1-1|1|13|80|3|102|36|146|161|0|5|0|450|
LIN|SOUTH BRISTOL|1-1|1|13|89|2|230|16|172|228|0|2|0|648|
LIN|SOUTH BRISTOL|1-1|1|13|90|2|39|14|60|83|0|0|0|196|
LIN|SOUTHPORT|1-1|1|13|89|1|167|12|241|139|0|2|0|561|
LIN|WALDOBORO|1-1|1|13|91|2|1041|154|1223|1373|0|7|0|3798|
LIN|WESTPORT ISLAND|1-1|1|13|89|1|183|31|212|225|0|3|0|654|
LIN|WHITEFIELD|1-1|1|13|88|3|529|85|548|603|0|6|0|1771|
LIN|WISCASSET|1-1|1|13|87|1|757|107|988|1104|0|11|0|2967|
OXF|ALBANY TWP|1-1|2|18|117|1|98|19|117|136|0|1|0|371|
OXF|ANDOVER|1-1|2|18|117|2|132|34|190|304|0|1|0|661|
OXF|BETHEL|1-1|2|18|117|2|626|44|622|1067|0|13|0|2372|
OXF|BROWNFIELD|1-1|2|19|70|1|295|75|309|478|0|8|0|1165|
OXF|BUCKFIELD|1-1|2|18|73|3|261|10|400|781|0|3|0|1455|
OXF|BYRON|1-1|2|18|117|2|40|10|32|39|0|0|0|121|
OXF|CANTON|1-1|2|18|116|2|225|48|252|299|0|10|0|834|
OXF|DENMARK|1-1|2|19|69|1|252|26|328|399|0|13|0|1018|
OXF|DIXFIELD|1-1|2|18|116|2|419|152|415|693|0|11|0|1690|
OXF|FRYEBURG|1-1|2|19|70|1|762|163|821|1156|0|22|0|2924|
OXF|GILEAD|1-1|2|18|117|2|36|3|42|69|0|2|0|152|
OXF|GREENWOOD|1-1|2|18|117|1|173|39|165|279|0|2|0|658|
OXF|HANOVER|1-1|2|18|117|2|61|5|99|95|0|1|0|261|
OXF|HARTFORD|1-1|2|18|116|3|209|61|275|404|0|7|0|956|
OXF|HEBRON|1-1|2|18|73|3|243|73|289|349|0|6|0|960|
OXF|HIRAM|1-1|2|19|70|1|279|40|328|465|0|1|0|1113|
OXF|LINCOLN PLT|1-1|2|18|117|2|4|5|18|10|0|1|0|38|
OXF|LOVELL|1-1|2|18|117|1|21|5|29|37|0|0|0|92|
OXF|LOVELL|1-1|2|18|70|1|274|38|250|374|0|3|0|939|
OXF|MAGALLOWAY PLT|1-1|2|18|117|2|3|0|12|18|0|0|0|33|
OXF|MEXICO|1-1|2|18|116|2|681|73|304|778|0|5|0|1841|
OXF|NEWRY|1-1|2|18|117|2|86|12|121|111|0|0|0|330|
OXF|NORWAY|1-1|2|19|71|1|1134|198|1163|1551|0|16|0|4062|
OXF|OTISFIELD|1-1|2|19|72|3|364|89|447|529|0|11|0|1440|
OXF|OXFORD|1-1|2|19|72|3|716|162|1054|1325|0|18|0|3275|
OXF|PARIS|1-1|2|19|73|3|986|215|1123|1471|0|21|0|3816|
OXF|PERU|1-1|2|18|116|2|342|64|292|562|0|6|0|1266|
OXF|PORTER|1-1|2|19|70|1|238|47|348|431|0|5|0|1069|
OXF|ROXBURY|1-1|2|18|115|2|112|16|81|109|0|0|0|318|
OXF|RUMFORD|1-1|2|18|115|2|1564|185|834|1685|0|35|0|4303|
OXF|STONEHAM|1-1|2|18|117|1|63|7|58|95|0|1|0|224|
OXF|STOW|1-1|2|18|117|1|80|18|79|93|0|1|0|271|
OXF|SUMNER|1-1|2|18|115|3|158|49|204|290|0|3|0|704|
OXF|SWEDEN|1-1|2|18|71|1|77|21|92|129|0|1|0|320|
OXF|UPTON|1-1|2|18|117|2|15|5|30|33|0|0|0|83|
OXF|WATERFORD|1-1|2|18|71|1|299|47|389|368|0|4|0|1107|
OXF|WEST PARIS|1-1|2|18|71|3|317|32|374|576|0|12|0|1311|
OXF|WOODSTOCK|1-1|2|18|115|3|286|80|320|450|0|5|0|1141|
PEN|ALTON|1-1|2|4|121|3|187|31|211|241|0|6|0|676|
PEN|BANGOR|1-1|2|9|124|1|1887|182|1475|1964|0|58|0|5566|
PEN|BANGOR|1-1|2|9|125|1|2135|222|1595|2058|0|57|0|6067|
PEN|BANGOR|1-1|2|9|126|1|1719|177|1375|1999|0|70|0|5340|
PEN|BANGOR|1-1|2|9|127|1|2289|206|1513|2132|0|92|0|6232|
PEN|BRADFORD|1-1|2|4|137|3|167|56|299|331|0|2|0|855|
PEN|BRADLEY|1-1|2|8|137|3|440|73|307|356|0|3|0|1179|
PEN|BREWER|1-1|2|8|128|1|2022|294|2384|2102|0|57|0|6859|
PEN|BREWER|1-1|2|8|129|1|128|20|194|156|0|0|0|498|
PEN|BURLINGTON|1-1|2|8|141|3|56|9|88|122|0|0|0|275|
PEN|CARMEL|1-1|2|10|103|2|415|86|804|805|0|13|0|2123|
PEN|CARROLL PLT|1-1|2|2|141|3|13|8|50|44|0|0|0|115|
PEN|CHARLESTON|1-1|2|4|104|2|148|38|432|318|0|4|0|940|
PEN|CHESTER|1-1|2|5|141|3|107|31|209|149|0|1|0|497|
PEN|CLIFTON|1-1|2|8|129|1|177|31|261|325|0|4|0|798|
PEN|CORINNA|1-1|2|10|100|2|312|83|645|515|0|6|0|1561|
PEN|CORINTH|1-1|2|10|121|2|363|63|899|676|0|10|0|2011|
PEN|DEXTER|1-1|2|4|104|2|628|179|880|763|0|19|0|2469|
PEN|DIXMONT|1-1|2|10|100|2|255|26|323|268|0|1|0|873|
PEN|DREW PLT|1-1|2|2|141|3|11|5|13|7|0|0|0|36|
PEN|EAST MILLINOCKET|1-1|2|5|143|3|511|51|383|308|0|2|0|1255|
PEN|EDDINGTON|1-1|2|8|129|1|390|92|626|553|0|11|0|1672|
PEN|EDINBURG|1-1|2|5|137|3|51|4|38|48|0|0|0|141|
PEN|ENFIELD|1-1|2|5|142|3|374|34|374|425|0|7|0|1214|
PEN|ETNA|1-1|2|10|100|2|182|25|258|214|0|3|0|682|
PEN|ETNA|1-1|2|10|103|2|51|10|91|66|0|1|0|219|
PEN|EXETER|1-1|2|10|104|2|173|13|280|261|0|2|0|729|
PEN|GARLAND|1-1|2|4|104|2|169|41|277|304|0|2|0|793|
PEN|GLENBURN|1-1|2|10|102|2|837|120|1218|1147|0|13|0|3335|
PEN|GREENBUSH|1-1|2|5|137|3|244|57|338|438|0|8|0|1085|
PEN|HAMPDEN|1-1|2|10|101|2|446|46|454|476|0|13|0|1435|
PEN|HAMPDEN|2-1|2|10|101|2|426|57|537|464|0|5|0|1489|
PEN|HAMPDEN|3-1|2|10|101|2|377|47|553|457|0|0|0|1434|
PEN|HAMPDEN|4-1|2|10|101|2|351|45|612|513|0|2|0|1523|
PEN|HERMON|1-1|2|9|103|2|1066|170|1878|1539|0|19|0|4672|
PEN|HOLDEN|1-1|2|8|129|1|654|138|1083|791|0|11|0|2677|
PEN|HOWLAND|1-1|2|5|142|3|318|34|286|229|0|5|0|872|
PEN|HUDSON|1-1|2|10|121|2|240|42|375|443|0|4|0|1104|
PEN|KENDUSKEAG|1-1|2|10|102|2|238|42|340|406|0|4|0|1030|
PEN|KINGMAN TWP|1-1|2|2|141|3|37|9|30|29|0|0|0|105|
PEN|LAGRANGE|1-1|2|4|137|3|113|30|138|215|0|2|0|498|
PEN|LAKEVILLE|1-1|2|2|141|3|19|6|36|35|0|0|0|96|
PEN|LEE|1-1|2|2|141|3|145|25|277|229|0|5|0|681|
PEN|LEVANT|1-1|2|10|102|2|400|81|844|648|0|25|0|1998|
PEN|LINCOLN|1-1|2|8|142|3|820|125|1181|1108|0|14|0|3248|
PEN|LOWELL|1-1|2|8|141|3|85|24|122|97|0|0|0|328|
PEN|MATTAWAMKEAG|1-1|2|5|141|3|166|22|137|218|0|1|0|544|
PEN|MAXFIELD|1-1|2|5|142|3|16|2|30|22|0|3|0|73|
PEN|MEDWAY|1-1|2|5|143|3|289|34|338|335|0|4|0|1000|
PEN|MILFORD|1-1|2|5|121|3|922|129|651|972|0|20|0|2694|
PEN|MILLINOCKET|1-1|2|5|143|3|1155|86|799|1148|0|10|0|3198|
PEN|MILLINOCKET|1-2|2|5|143|3|95|4|77|119|0|0|0|295|
PEN|MOUNT CHASE|1-1|2|2|145|3|29|2|69|63|0|0|0|163|
PEN|NEWBURGH|1-1|2|10|101|2|280|60|396|502|0|8|0|1246|
PEN|NEWPORT|1-1|2|10|100|2|564|50|927|752|0|16|0|2309|
PEN|OLD TOWN|1-1|2|5|122|3|2209|256|1332|2167|0|90|0|6054|
PEN|OLD TOWN|5-1|2|5|122|3|26|2|24|43|0|3|0|98|
PEN|ORONO|1-1|2|5|123|3|1558|228|702|1378|0|56|0|3922|
PEN|ORONO|1-2|2|5|123|3|1157|243|644|1749|0|48|0|3841|
PEN|ORONO|1-3|2|5|123|3|788|64|342|465|0|3|0|1662|
PEN|ORONO|1-3|2|5|124|3|450|42|308|360|0|9|0|1169|
PEN|ORRINGTON|1-1|2|8|130|2|742|151|1231|971|0|24|0|3119|
PEN|PASSADUMKEAG|1-1|2|5|137|3|90|13|104|90|0|2|0|299|
PEN|PATTEN|1-1|2|2|143|3|136|35|248|256|0|0|0|675|
PEN|PENOBSCOT NATION VOTING DISTRICT|1-1|2|5|122|3|212|24|30|136|0|1|0|403|
PEN|PLYMOUTH|1-1|2|10|100|2|188|27|403|406|0|4|0|1028|
PEN|PRENTISS TWP T7 R3 NBPP|1-1|2|2|141|3|28|12|54|31|0|0|0|125|
PEN|SEBOEIS PLT|1-1|2|5|142|3|14|3|15|15|0|0|0|47|
PEN|SPRINGFIELD|1-1|2|2|141|3|40|11|72|90|0|0|0|213|
PEN|STACYVILLE|1-1|2|2|145|3|32|13|97|121|0|0|0|263|
PEN|STETSON|1-1|2|10|104|2|189|53|357|427|0|8|0|1034|
PEN|VEAZIE|1-1|2|5|129|1|509|66|491|487|0|21|0|1574|
PEN|WEBSTER PLT|1-1|2|2|141|3|13|11|20|13|0|0|0|57|
PEN|WINN|1-1|2|2|141|3|57|6|97|86|0|0|0|246|
PEN|WOODVILLE|1-1|2|5|142|3|47|6|61|60|0|0|0|174|
PIS|ABBOT|1-1|2|4|119|1|91|22|193|154|0|3|0|463|
PIS|ATKINSON|1-1|2|4|120|2|57|15|84|85|0|0|0|241|
PIS|BEAVER COVE|1-1|2|4|119|3|22|9|45|52|0|0|0|128|
PIS|BOWERBANK|1-1|2|4|119|2|30|7|58|38|0|0|0|133|
PIS|BROWNVILLE|1-1|2|4|120|3|275|28|284|418|0|5|0|1010|
PIS|DOVER-FOXCROFT|1-1|2|4|120|2|757|107|1066|918|0|9|0|2857|
PIS|GREENVILLE|1-1|2|4|119|3|377|51|591|604|0|8|0|1631|
PIS|GUILFORD|1-1|2|4|119|1|213|27|319|293|0|0|0|852|
PIS|KINGSBURY PLT|1-1|2|4|118|1|6|1|18|9|0|0|0|34|
PIS|LAKE VIEW PLT|1-1|2|4|120|3|25|2|29|43|0|0|0|99|
PIS|MEDFORD|1-1|2|4|120|2|44|10|71|66|0|0|0|191|
PIS|MILO|1-1|2|4|120|3|539|107|629|629|0|9|0|1913|
PIS|MONSON|1-1|2|4|119|1|138|26|215|191|0|2|0|572|
PIS|PARKMAN|1-1|2|4|119|1|123|23|236|249|0|5|0|636|
PIS|SANGERVILLE|1-1|2|4|119|1|241|50|402|337|0|2|0|1032|
PIS|SEBEC|1-1|2|4|119|2|96|26|221|164|0|1|0|508|
PIS|SHIRLEY|1-1|2|4|119|1|40|7|68|70|0|1|0|186|
PIS|WELLINGTON|1-1|2|4|118|1|60|14|38|58|0|0|0|170|
PIS|WILLIMANTIC|1-1|2|4|119|1|18|6|58|43|0|0|0|125|
SAG|ARROWSIC|1-1|1|23|53|3|214|16|79|108|0|3|0|420|
SAG|BATH|1-1|1|23|52|2|407|39|215|312|0|5|0|978|
SAG|BATH|2-1|1|23|52|2|393|50|235|368|0|7|0|1053|
SAG|BATH|3-1|1|23|52|2|347|53|210|371|0|15|0|996|
SAG|BATH|4-1|1|23|52|2|368|29|181|223|0|12|0|813|
SAG|BATH|5-1|1|23|52|2|439|51|234|391|0|9|0|1124|
SAG|BATH|6-1|1|23|52|2|368|31|173|368|0|9|0|949|
SAG|BATH|7-1|1|23|52|2|446|37|286|341|0|9|0|1119|
SAG|BOWDOIN|1-1|1|23|55|1|565|104|792|1094|0|2|0|2557|
SAG|BOWDOINHAM|1-1|1|23|55|2|801|76|631|923|0|11|0|2442|
SAG|GEORGETOWN|1-1|1|23|53|3|356|26|294|278|0|5|0|959|
SAG|PHIPPSBURG|1-1|1|23|53|3|581|68|621|660|0|12|0|1942|
SAG|RICHMOND|1-1|1|23|53|3|17|8|35|32|0|0|0|92|
SAG|RICHMOND|1-1|1|23|55|3|699|170|767|741|0|18|0|2395|
SAG|TOPSHAM|1-1|1|23|54|1|2549|237|2046|2852|0|40|0|7724|
SAG|WEST BATH|1-1|1|23|51|3|503|71|495|568|0|7|0|1644|
SAG|WOOLWICH|1-1|1|23|53|3|732|134|854|788|0|13|0|2521|
SOM|ANSON|1-1|2|3|112|2|395|81|503|662|0|11|0|1652|
SOM|ATHENS|1-1|2|4|118|5|228|25|208|319|0|1|0|781|
SOM|BINGHAM|1-1|2|3|118|5|198|29|238|301|0|1|0|767|
SOM|BRIGHTON PLT|1-1|2|4|118|5|17|4|14|35|0|0|0|70|
SOM|CAMBRIDGE|1-1|2|4|105|3|57|11|130|137|0|0|0|335|
SOM|CANAAN|1-1|2|3|105|4|416|76|465|466|0|11|0|1434|
SOM|CARATUNK|1-1|2|3|118|5|15|3|27|11|0|0|0|56|
SOM|CORNVILLE|1-1|2|3|118|5|210|37|357|363|0|3|0|970|
SOM|DENNISTOWN PLT|1-1|2|3|118|5|4|2|13|9|0|0|0|28|
SOM|DETROIT|1-1|2|4|106|3|195|83|166|231|0|0|0|675|
SOM|EMBDEN|1-1|2|3|118|5|185|38|262|283|0|1|0|769|
SOM|FAIRFIELD|1-1|2|16|108|1|1321|164|1288|1585|0|7|0|4365|
SOM|HARMONY|1-1|2|4|118|5|193|22|229|270|0|2|0|716|
SOM|HARTLAND|1-1|2|4|105|5|308|58|509|305|0|3|0|1183|
SOM|HIGHLAND PLT|1-1|2|3|118|5|28|14|64|54|0|0|0|160|
SOM|JACKMAN|1-1|2|3|118|5|132|5|247|285|0|0|0|669|
SOM|JACKMAN|1-2|2|3|118|5|14|0|24|35|0|0|0|73|
SOM|MADISON|1-1|2|3|107|2|15|5|19|16|0|0|0|55|
SOM|MADISON|1-1|2|3|111|2|934|125|934|1180|0|10|0|3183|
SOM|MERCER|1-1|2|3|108|2|129|25|166|190|0|0|0|510|
SOM|MOOSE RIVER|1-1|2|3|118|5|14|4|77|49|0|0|0|144|
SOM|MOSCOW|1-1|2|3|118|5|104|19|116|122|0|0|0|361|
SOM|NEW PORTLAND|1-1|2|3|112|2|157|61|212|237|0|1|0|668|
SOM|NORRIDGEWOCK|1-1|2|3|111|1|711|146|820|769|0|10|0|2456|
SOM|PALMYRA|1-1|2|4|105|3|331|58|588|491|0|10|0|1478|
SOM|PITTSFIELD|1-1|2|3|106|3|175|16|213|267|0|0|0|671|
SOM|PITTSFIELD|1-2|2|3|106|3|212|25|201|252|0|4|0|694|
SOM|PITTSFIELD|1-3|2|3|106|3|245|37|266|288|0|0|0|836|
SOM|PITTSFIELD|1-4|2|3|106|3|183|35|317|301|0|0|0|836|
SOM|PLEASANT RIDGE PLT|1-1|2|3|118|5|13|1|29|28|0|0|0|71|
SOM|RIPLEY|1-1|2|4|105|3|70|17|140|133|0|2|0|362|
SOM|ROCKWOOD STRIP TWP|1-1|2|3|118|5|53|14|116|82|0|0|0|265|
SOM|SAINT ALBANS|1-1|2|4|105|3|290|15|584|511|0|2|0|1402|
SOM|SKOWHEGAN|1-1|2|3|107|4|1971|195|1931|2239|0|11|0|6347|
SOM|SMITHFIELD|1-1|2|3|108|2|192|28|253|261|0|6|0|740|
SOM|SOLON|1-1|2|3|111|5|213|35|219|291|0|2|0|760|
SOM|STARKS|1-1|2|3|112|2|125|22|121|239|0|0|0|507|
SOM|THE FORKS PLT|1-1|2|3|118|5|6|7|17|22|0|0|0|52|
SOM|WEST FORKS PLT|1-1|2|3|118|5|11|1|28|22|0|0|0|62|
WAL|BELFAST|1-1|2|11|97|1|504|33|241|271|0|1|0|1050|
WAL|BELFAST|2-1|2|11|97|1|486|41|190|280|0|5|0|1002|
WAL|BELFAST|3-1|2|11|97|1|552|66|224|362|0|7|0|1211|
WAL|BELFAST|4-1|2|11|97|1|434|48|288|382|0|5|0|1157|
WAL|BELFAST|5-1|2|11|97|1|316|42|315|395|0|1|0|1069|
WAL|BELMONT|1-1|2|11|96|1|181|46|247|268|0|1|0|743|
WAL|BROOKS|1-1|2|11|99|3|180|38|299|223|0|2|0|742|
WAL|BURNHAM|1-1|2|11|99|3|187|41|232|444|0|3|0|907|
WAL|FRANKFORT|1-1|2|11|98|2|187|47|240|357|0|1|0|832|
WAL|FREEDOM|1-1|2|11|99|3|159|43|149|217|0|2|0|570|
WAL|ISLESBORO|1-1|2|11|94|1|276|17|73|199|0|2|0|567|
WAL|JACKSON|1-1|2|11|99|2|123|16|128|173|0|1|0|441|
WAL|KNOX|1-1|2|11|99|3|123|29|216|259|0|3|0|630|
WAL|LIBERTY|1-1|2|11|96|3|215|38|246|232|0|3|0|734|
WAL|LINCOLNVILLE|1-1|2|11|96|1|741|118|486|600|0|7|0|1952|
WAL|MONROE|1-1|2|11|99|2|256|60|236|255|0|6|0|813|
WAL|MONTVILLE|1-1|2|11|96|3|248|43|197|295|0|5|0|788|
WAL|MORRILL|1-1|2|11|96|1|152|30|289|222|0|1|0|694|
WAL|NORTHPORT|1-1|2|11|97|1|428|54|390|411|0|3|0|1286|
WAL|PALERMO|1-1|2|11|96|3|285|82|424|376|0|6|0|1173|
WAL|PROSPECT|1-1|2|11|131|2|116|26|162|219|0|3|0|526|
WAL|SEARSMONT|1-1|2|11|96|3|344|50|293|369|0|4|0|1060|
WAL|SEARSPORT|1-1|2|11|98|2|623|109|716|835|0|8|0|2291|
WAL|STOCKTON SPRINGS|1-1|2|11|131|2|405|39|411|526|0|4|0|1385|
WAL|SWANVILLE|1-1|2|11|98|2|282|52|342|535|0|4|0|1215|
WAL|THORNDIKE|1-1|2|11|99|3|162|56|191|222|0|2|0|633|
WAL|TROY|1-1|2|11|99|3|170|63|244|301|0|2|0|780|
WAL|UNITY|1-1|2|11|99|3|466|151|421|652|0|11|0|1701|
WAL|WALDO|1-1|2|11|97|1|163|46|204|223|0|1|0|637|
WAL|WINTERPORT|1-1|2|11|98|2|823|189|1029|1068|0|17|0|3126|
WAS|ADDISON|1-1|2|6|138|3|218|32|340|296|0|8|0|894|
WAS|ALEXANDER|1-1|2|6|141|1|100|13|154|148|0|1|0|416|
WAS|BAILEYVILLE|1-1|2|6|140|1|283|30|290|409|0|3|0|1015|
WAS|BARING PLT|1-1|2|6|140|1|53|8|47|46|0|0|0|154|
WAS|BEALS|1-1|2|6|138|3|129|13|103|112|0|0|0|357|
WAS|BEDDINGTON|1-1|2|6|137|1|7|3|17|20|0|0|0|47|
WAS|BIG LAKE TWP|1-1|2|6|141|1|16|1|33|29|0|1|0|80|
WAS|BROOKTON TWP|1-1|2|6|141|1|34|3|71|45|0|1|0|154|
WAS|CALAIS|1-1|2|6|140|1|519|35|694|950|0|4|0|2202|
WAS|CHARLOTTE|1-1|2|6|140|1|54|8|107|69|0|0|0|238|
WAS|CHERRYFIELD|1-1|2|6|138|3|236|36|355|372|0|0|0|999|
WAS|CODYVILLE PLT|1-1|2|6|141|1|1|0|1|10|0|0|0|12|
WAS|COLUMBIA|1-1|2|6|138|3|56|15|114|126|0|0|0|311|
WAS|COLUMBIA FALLS|1-1|2|6|138|3|108|18|171|163|0|2|0|462|
WAS|COOPER|1-1|2|6|141|1|39|5|68|35|0|1|0|148|
WAS|CRAWFORD|1-1|2|6|141|1|13|0|49|28|0|0|0|90|
WAS|CUTLER|1-1|2|6|139|2|79|15|165|144|0|2|0|405|
WAS|DANFORTH|1-1|2|6|141|1|99|21|155|200|0|2|0|477|
WAS|DEBLOIS|1-1|2|6|137|1|15|1|23|6|0|0|0|45|
WAS|DENNYSVILLE|1-1|2|6|141|2|68|7|78|74|0|0|0|227|
WAS|EAST MACHIAS|1-1|2|6|139|2|236|59|353|301|0|1|0|950|
WAS|EASTPORT|1-1|2|6|139|2|438|35|307|349|0|2|0|1131|
WAS|EDMUNDS TWP|1-1|2|6|141|2|52|6|70|81|0|1|0|210|
WAS|GRAND LAKE STREAM PLT|1-1|2|6|141|1|25|10|51|30|0|3|0|119|
WAS|HARRINGTON|1-1|2|6|138|3|184|33|251|231|0|2|0|701|
WAS|INDIAN TOWNSHIP|1-1|2|6|140|1|300|14|48|150|0|0|0|512|
WAS|JONESBORO|1-1|2|6|138|3|114|13|149|123|0|1|0|400|
WAS|JONESPORT|1-1|2|6|138|3|333|46|308|268|0|2|0|957|
WAS|LUBEC|1-1|2|6|139|2|410|20|264|526|0|4|0|1224|
WAS|MACHIAS|1-1|2|6|139|2|464|57|451|552|0|2|0|1526|
WAS|MACHIASPORT|1-1|2|6|139|3|236|28|247|314|0|1|0|826|
WAS|MARSHFIELD|1-1|2|6|138|1|84|9|176|118|0|1|0|388|
WAS|MEDDYBEMPS|1-1|2|6|141|1|24|9|47|33|0|1|0|114|
WAS|MILBRIDGE|1-1|2|6|138|3|275|51|302|335|0|6|0|969|
WAS|NORTHFIELD|1-1|2|6|137|1|35|7|47|43|0|0|0|132|
WAS|PEMBROKE|1-1|2|6|140|2|174|27|191|204|0|2|0|598|
WAS|PERRY|1-1|2|6|140|2|158|32|205|206|0|5|0|606|
WAS|PLEASANT POINT VOTING DISTRICT|1-1|2|6|140|2|218|18|28|224|0|0|0|488|
WAS|PRINCETON|1-1|2|6|141|1|73|9|98|121|0|2|0|303|
WAS|PRINCETON|1-2|2|6|141|1|63|10|83|106|0|0|0|262|
WAS|ROBBINSTON|1-1|2|6|140|1|117|23|173|126|0|0|0|439|
WAS|ROQUE BLUFFS|1-1|2|6|139|3|73|7|44|88|0|0|0|212|
WAS|STEUBEN|1-1|2|6|136|3|221|34|280|328|0|4|0|867|
WAS|TALMADGE|1-1|2|6|141|1|9|5|13|14|0|0|0|41|
WAS|TOPSFIELD|1-1|2|6|141|1|23|1|56|80|0|1|0|161|
WAS|VANCEBORO|1-1|2|6|141|1|46|1|33|45|0|0|0|125|
WAS|WAITE|1-1|2|6|141|1|18|1|33|16|0|0|0|68|
WAS|WESLEY|1-1|2|6|137|1|24|4|30|49|0|0|0|107|
WAS|WHITING|1-1|2|6|139|2|151|10|142|114|0|2|0|419|
WAS|WHITNEYVILLE|1-1|2|6|138|1|52|6|46|72|0|0|0|176|
YOR|ACTON|1-1|1|34|20|1|536|123|702|754|0|6|0|2121|
YOR|ALFRED|1-1|1|32|21|4|458|42|486|684|0|3|0|1673|
YOR|ALFRED|1-2|1|32|21|4|246|26|182|318|0|6|0|778|
YOR|ARUNDEL|1-1|1|32|10|2|1005|99|935|1343|0|19|0|3401|
YOR|BERWICK|1-1|1|34|5|1|951|71|1075|2077|0|15|0|4189|
YOR|BERWICK|1-1|1|35|5|1|421|19|472|881|0|7|0|1800|
YOR|BIDDEFORD|1-1|1|32|11|2|90|8|41|37|0|0|0|176|
YOR|BIDDEFORD|1-1|1|32|9|2|963|63|336|555|0|13|0|1930|
YOR|BIDDEFORD|2-1|1|32|11|2|195|13|86|100|0|4|0|398|
YOR|BIDDEFORD|2-1|1|32|12|2|731|90|224|595|0|49|0|1689|
YOR|BIDDEFORD|3-1|1|32|11|2|552|50|191|287|0|6|0|1086|
YOR|BIDDEFORD|3-1|1|32|12|2|386|18|150|186|0|2|0|742|
YOR|BIDDEFORD|3-1|1|32|9|2|278|24|117|182|0|7|0|608|
YOR|BIDDEFORD|4-1|1|32|11|2|273|20|104|134|0|5|0|536|
YOR|BIDDEFORD|4-1|1|32|12|2|666|61|188|407|0|40|0|1362|
YOR|BIDDEFORD|5-1|1|32|11|2|161|15|59|113|0|9|0|357|
YOR|BIDDEFORD|5-1|1|32|12|2|791|100|244|644|0|61|0|1840|
YOR|BIDDEFORD|6-1|1|32|11|2|959|74|412|675|0|30|0|2150|
YOR|BIDDEFORD|7-1|1|32|11|2|833|62|315|491|0|12|0|1713|
YOR|BUXTON|1-1|1|30|16|3|826|133|892|945|0|9|0|2805|
YOR|BUXTON|1-1|1|30|22|3|640|105|850|982|0|13|0|2590|
YOR|BUXTON|1-1|1|31|16|3|293|37|327|293|0|6|0|956|
YOR|CORNISH|1-1|1|33|68|1|317|59|334|444|0|8|0|1162|
YOR|DAYTON|1-1|1|32|10|3|403|47|515|646|0|6|0|1617|
YOR|ELIOT|1-1|1|35|2|5|1951|160|1670|2365|0|17|0|6163|
YOR|HOLLIS|1-1|1|31|16|3|908|163|1155|1191|0|22|0|3439|
YOR|KENNEBUNK|1-1|1|34|8|2|809|61|675|1282|0|8|0|2835|
YOR|KENNEBUNK|1-2|1|34|8|2|1742|87|1270|2102|0|13|0|5214|
YOR|KENNEBUNK|1-2|1|34|9|2|504|15|579|643|0|3|0|1744|
YOR|KENNEBUNKPORT|1-1|1|32|9|2|973|65|937|909|0|9|0|2893|
YOR|KITTERY|1-1|1|35|1|5|3009|171|1546|2579|0|25|0|7330|
YOR|KITTERY|1-1|1|35|2|5|230|15|207|285|0|3|0|740|
YOR|LEBANON|1-1|1|34|20|1|970|198|1254|2283|0|16|0|4721|
YOR|LIMERICK|1-1|1|33|21|1|273|54|315|463|0|8|0|1113|
YOR|LIMERICK|1-1|1|33|22|1|288|41|298|468|0|5|0|1100|
YOR|LIMINGTON|1-1|1|31|22|1|597|162|818|822|0|26|0|2425|
YOR|LYMAN|1-1|1|32|10|4|698|106|754|926|0|22|0|2506|
YOR|LYMAN|1-1|1|32|17|4|291|36|310|383|0|3|0|1023|
YOR|NEWFIELD|1-1|1|33|21|1|256|66|400|460|0|6|0|1188|
YOR|NORTH BERWICK|1-1|1|34|5|1|296|45|377|475|0|9|0|1202|
YOR|NORTH BERWICK|1-1|1|34|6|1|715|102|776|1037|0|6|0|2636|
YOR|OGUNQUIT|1-1|1|35|4|5|475|39|278|420|0|5|0|1217|
YOR|OLD ORCHARD BEACH|1-1|1|31|13|3|3022|227|1801|2728|0|31|0|7809|
YOR|PARSONSFIELD|1-1|1|33|21|1|217|47|255|335|0|5|0|859|
YOR|PARSONSFIELD|1-1|1|33|68|1|112|15|137|149|0|6|0|419|
YOR|SACO|1-1|1|31|15|3|781|75|537|645|0|14|0|2052|
YOR|SACO|1-1|1|31|16|3|26|2|19|35|0|6|0|88|
YOR|SACO|2-1|1|31|15|3|622|85|530|673|0|18|0|1928|
YOR|SACO|2-1|1|31|16|3|46|4|73|69|0|2|0|194|
YOR|SACO|3-1|1|31|14|3|386|37|197|320|0|17|0|957|
YOR|SACO|3-1|1|31|15|3|425|47|293|447|0|10|0|1222|
YOR|SACO|4-1|1|31|14|3|1035|78|679|785|0|10|0|2587|
YOR|SACO|5-1|1|31|14|3|305|29|134|236|0|8|0|712|
YOR|SACO|5-1|1|31|15|3|560|39|307|477|0|12|0|1395|
YOR|SACO|6-1|1|31|14|3|898|84|404|728|0|28|0|2142|
YOR|SACO|6-1|1|31|15|3|5|1|10|12|0|0|0|28|
YOR|SACO|7-1|1|31|14|3|617|73|240|580|0|20|0|1530|
YOR|SACO|7-1|1|31|15|3|234|35|135|183|0|4|0|591|
YOR|SANFORD|1-1|1|33|18|4|221|23|131|281|0|5|0|661|
YOR|SANFORD|1-1|1|33|19|4|1290|116|998|1608|0|29|0|4041|
YOR|SANFORD|2-1|1|33|18|4|1654|190|1109|2147|0|42|0|5142|
YOR|SANFORD|3-1|1|33|19|4|720|79|614|851|0|18|0|2282|
YOR|SANFORD|3-1|1|33|4|4|710|77|592|925|0|12|0|2316|
YOR|SHAPLEIGH|1-1|1|33|20|4|150|33|185|219|0|0|0|587|
YOR|SHAPLEIGH|1-1|1|33|21|4|376|87|439|484|0|13|0|1399|
YOR|SOUTH BERWICK|1-1|1|35|2|1|422|34|318|483|0|2|0|1259|
YOR|SOUTH BERWICK|1-1|1|35|6|1|1602|138|1107|1519|0|19|0|4385|
YOR|WATERBORO|1-1|1|33|17|4|622|116|772|747|0|15|0|2272|
YOR|WATERBORO|2-1|1|33|17|4|788|197|932|1144|0|21|0|3082|
YOR|WELLS|1-1|1|34|4|5|205|10|170|385|0|3|0|773|
YOR|WELLS|1-1|1|34|7|5|2194|92|2234|3834|0|24|0|8378|
YOR|YORK|1-1|1|35|3|5|2890|175|2164|3196|0|20|0|8445|
YOR|YORK|1-1|1|35|4|5|1089|74|899|1382|0|17|0|3461|
