COUNTY|MUNICIPALITY|W/P|CG|SS|SR|CC|D|G|R|U|AL|L|S|TOTAL|
AND|AUBURN|1-1|2|20|62|5|13|1|10|23|0|0|0|47|
AND|AUBURN|1-1|2|20|64|5|1|0|2|1|0|0|0|4|
AND|AUBURN|1-1|2|20|64|6|0|0|0|1|0|0|0|1|
AND|AUBURN|2-1|2|20|62|5|1|0|0|1|0|0|0|2|
AND|AUBURN|2-1|2|20|64|5|5|2|5|5|0|0|0|17|
AND|AUBURN|2-1|2|20|64|6|0|0|0|2|0|0|0|2|
AND|AUBURN|3-1|2|20|62|5|27|6|9|51|0|0|0|93|
AND|AUBURN|3-1|2|20|63|5|5|0|6|11|0|0|0|22|
AND|AUBURN|3-1|2|20|63|6|4|1|6|9|0|0|0|20|
AND|AUBURN|3-1|2|20|64|6|5|0|1|3|0|0|0|9|
AND|AUBURN|4-1|2|20|62|5|26|8|8|57|0|1|0|100|
AND|AUBURN|4-1|2|20|63|5|4|8|6|21|0|0|0|39|
AND|AUBURN|4-1|2|20|63|6|12|1|13|18|0|0|0|44|
AND|AUBURN|5-1|2|20|62|5|0|0|0|2|0|0|0|2|
AND|AUBURN|5-1|2|20|63|5|0|0|0|0|0|0|0|0|
AND|AUBURN|5-1|2|20|63|6|0|0|1|3|0|0|0|4|
AND|DURHAM|1-1|2|22|46|3|0|0|0|0|0|0|0|0|
AND|GREENE|1-1|2|22|57|3|0|0|0|0|0|0|0|0|
AND|LEEDS|1-1|2|22|75|7|0|0|0|0|0|0|0|0|
AND|LEWISTON|1-1|2|21|59|2|0|0|0|0|0|0|0|0|
AND|LEWISTON|1-1|2|21|60|2|0|0|0|0|0|1|0|1|
AND|LEWISTON|2-1|2|21|59|2|0|0|0|0|0|0|0|0|
AND|LEWISTON|3-1|2|21|59|2|0|0|0|0|0|0|0|0|
AND|LEWISTON|3-1|2|21|60|1|0|1|0|5|0|10|0|16|
AND|LEWISTON|4-1|2|21|58|1|0|0|0|0|0|0|0|0|
AND|LEWISTON|4-1|2|21|58|2|0|0|0|0|0|0|0|0|
AND|LEWISTON|4-1|2|21|58|3|0|0|0|0|0|1|0|1|
AND|LEWISTON|4-1|2|21|59|2|0|0|0|0|0|0|0|0|
AND|LEWISTON|5-1|2|21|60|2|0|0|0|0|0|0|0|0|
AND|LEWISTON|5-1|2|21|61|1|2|1|1|2|0|10|0|16|
AND|LEWISTON|6-1|2|21|58|3|0|0|0|1|0|0|0|1|
AND|LEWISTON|6-1|2|21|61|1|0|0|0|0|0|0|0|0|
AND|LEWISTON|6-1|2|21|61|3|0|0|0|1|0|0|0|1|
AND|LEWISTON|7-1|2|21|58|1|0|0|0|0|0|0|0|0|
AND|LEWISTON|7-1|2|21|61|1|0|0|0|0|0|5|0|5|
AND|LISBON|1-1|2|22|56|4|1|0|0|0|0|0|0|1|
AND|LISBON|2-1|2|22|56|4|0|0|0|0|0|0|0|0|
AND|LIVERMORE|1-1|2|18|74|7|0|0|0|0|0|0|0|0|
AND|LIVERMORE|1-1|2|18|75|7|0|0|0|0|0|0|0|0|
AND|LIVERMORE FALLS|1-1|2|18|74|7|1|0|0|0|0|0|0|1|
AND|MECHANIC FALLS|1-1|2|20|72|6|0|0|0|0|0|0|0|0|
AND|MINOT|1-1|2|20|64|7|2|0|2|2|0|0|0|6|
AND|POLAND|1-1|2|20|65|6|1|0|0|0|0|0|0|1|
AND|POLAND|1-1|2|20|66|6|0|0|0|0|0|0|0|0|
AND|SABATTUS|1-1|2|22|57|4|0|0|0|0|0|0|0|0|
AND|TURNER|1-1|2|22|75|7|0|0|1|1|0|0|0|2|
AND|WALES|1-1|2|22|82|4|32|10|27|74|0|3|0|146|
ARO|ALLAGASH|1-1|2|1|151|3|0|0|0|0|0|0|0|0|
ARO|AMITY|1-1|2|2|144|1|0|0|0|0|0|0|0|0|
ARO|ASHLAND|1-1|2|1|151|2|0|0|0|0|0|0|0|0|
ARO|BENEDICTA TWP|1-1|2|2|144|1|0|0|0|0|0|0|0|0|
ARO|BLAINE|1-1|2|2|146|1|0|0|0|0|0|0|0|0|
ARO|BRIDGEWATER|1-1|2|2|145|1|0|0|0|0|0|0|0|0|
ARO|CARIBOU|1-1|2|1|149|2|85|9|73|144|0|0|0|311|
ARO|CARY PLT|1-1|2|2|144|1|0|0|0|0|0|0|0|0|
ARO|CASTLE HILL|1-1|2|1|146|2|0|0|0|0|0|0|0|0|
ARO|CASWELL|1-1|2|1|148|3|0|0|0|0|0|0|0|0|
ARO|CHAPMAN|1-1|2|2|146|2|0|0|0|0|0|0|0|0|
ARO|CONNOR TWP|1-1|2|1|148|3|1|1|3|1|0|0|0|6|
ARO|CROSS LAKE TWP (T17 R5)|1-1|2|1|150|3|0|0|0|0|0|0|0|0|
ARO|CRYSTAL|1-1|2|2|145|1|0|0|0|0|0|0|0|0|
ARO|CYR PLT|1-1|2|1|148|3|0|0|0|0|0|0|0|0|
ARO|DYER BROOK|1-1|2|2|145|1|0|0|0|0|0|0|0|0|
ARO|EAGLE LAKE|1-1|2|1|151|3|0|0|0|0|0|0|0|0|
ARO|EASTON|1-1|2|2|148|1|0|0|0|0|0|0|0|0|
ARO|FORT FAIRFIELD|1-1|2|2|148|1|0|0|0|0|0|0|0|0|
ARO|FORT KENT|1-1|2|1|151|3|0|0|0|0|0|0|0|0|
ARO|FORT KENT|1-2|2|1|151|3|0|0|0|0|0|0|0|0|
ARO|FORT KENT|1-3|2|1|151|3|0|0|0|0|0|0|0|0|
ARO|FORT KENT|1-4|2|1|151|3|0|0|0|0|0|0|0|0|
ARO|FORT KENT|2-1|2|1|151|2|0|0|0|0|0|0|0|0|
ARO|FRENCHVILLE|1-1|2|1|150|3|0|0|0|0|0|0|0|0|
ARO|GARFIELD PLT|1-1|2|1|151|2|0|0|0|0|0|0|0|0|
ARO|GLENWOOD PLT|1-1|2|2|144|1|0|0|0|0|0|0|0|0|
ARO|GRAND ISLE|1-1|2|1|150|3|0|0|0|0|0|0|0|0|
ARO|HAMLIN|1-1|2|1|148|3|0|0|0|0|0|0|0|0|
ARO|HAMMOND|1-1|2|2|145|1|0|0|0|0|0|0|0|0|
ARO|HAYNESVILLE|1-1|2|2|144|1|0|0|0|0|0|0|0|0|
ARO|HERSEY|1-1|2|2|145|1|0|0|0|0|0|0|0|0|
ARO|HODGDON|1-1|2|2|144|1|0|0|0|0|0|0|0|0|
ARO|HOULTON|1-1|2|2|144|1|18|2|16|26|0|0|0|62|
ARO|ISLAND FALLS|1-1|2|2|145|1|1|0|0|1|0|0|0|2|
ARO|LIMESTONE|1-1|2|1|148|3|1|0|0|0|0|0|0|1|
ARO|LINNEUS|1-1|2|2|145|1|0|0|0|0|0|0|0|0|
ARO|LITTLETON|1-1|2|2|145|1|0|0|0|0|0|0|0|0|
ARO|LUDLOW|1-1|2|2|145|1|0|0|0|0|0|0|0|0|
ARO|MACWAHOC PLT|1-1|2|2|144|1|0|0|0|0|0|0|0|0|
ARO|MADAWASKA|1-1|2|1|150|3|2|0|0|1|0|0|0|3|
ARO|MADAWASKA LAKE|1-1|2|1|150|3|0|0|0|0|0|0|0|0|
ARO|MAPLETON|1-1|2|1|146|2|0|0|0|0|0|0|0|0|
ARO|MAPLETON|1-2|2|1|146|2|0|0|0|0|0|0|0|0|
ARO|MAPLETON|1-3|2|1|146|2|0|0|0|1|0|0|0|1|
ARO|MARS HILL|1-1|2|2|146|1|0|0|1|0|0|0|0|1|
ARO|MASARDIS|1-1|2|1|151|2|0|0|0|0|0|0|0|0|
ARO|MERRILL|1-1|2|2|145|1|0|0|0|0|0|0|0|0|
ARO|MONTICELLO|1-1|2|2|145|1|0|0|0|0|0|0|0|0|
ARO|MORO PLT|1-1|2|2|145|1|0|0|0|0|0|0|0|0|
ARO|NASHVILLE PLT|1-1|2|1|151|3|0|0|0|0|0|0|0|0|
ARO|NEW CANADA|1-1|2|1|151|3|0|0|0|0|0|0|0|0|
ARO|NEW LIMERICK|1-1|2|2|145|1|0|0|0|0|0|0|0|0|
ARO|NEW SWEDEN|1-1|2|1|149|3|0|0|0|0|0|0|0|0|
ARO|OAKFIELD|1-1|2|2|145|1|0|0|0|0|0|0|0|0|
ARO|ORIENT|1-1|2|2|144|1|0|1|0|2|0|0|0|3|
ARO|OXBOW NORTH TWP|1-1|2|1|151|1|3|0|5|1|0|0|0|9|
ARO|PERHAM|1-1|2|1|146|3|0|0|0|0|0|0|0|0|
ARO|PORTAGE LAKE|1-1|2|1|151|3|4|0|5|10|0|0|0|19|
ARO|PRESQUE ISLE|1-10|2|2|147|2|0|0|0|0|0|0|0|0|
ARO|PRESQUE ISLE|1-11|2|2|147|2|0|0|0|0|0|0|0|0|
ARO|PRESQUE ISLE|1-12|2|2|147|2|0|0|0|0|0|0|0|0|
ARO|PRESQUE ISLE|1-13|2|2|147|2|0|0|0|0|0|0|0|0|
ARO|PRESQUE ISLE|1-14|2|2|147|2|0|0|0|0|0|0|0|0|
ARO|PRESQUE ISLE|1-15|2|2|147|2|0|0|0|0|0|0|0|0|
ARO|PRESQUE ISLE|1-16|2|2|147|2|0|0|0|0|0|0|0|0|
ARO|PRESQUE ISLE|1-3|2|2|147|2|0|0|0|0|0|0|0|0|
ARO|PRESQUE ISLE|1-4|2|2|147|2|0|0|0|0|0|0|0|0|
ARO|PRESQUE ISLE|1-4|2|2|148|2|0|0|0|0|0|0|0|0|
ARO|PRESQUE ISLE|1-5|2|2|147|2|0|0|0|0|0|0|0|0|
ARO|PRESQUE ISLE|1-5|2|2|148|2|0|0|0|0|0|0|0|0|
ARO|PRESQUE ISLE|1-6|2|2|147|2|0|0|0|0|0|0|0|0|
ARO|PRESQUE ISLE|1-7|2|2|147|2|0|0|0|0|0|0|0|0|
ARO|PRESQUE ISLE|1-8|2|2|147|2|0|0|0|0|0|0|0|0|
ARO|PRESQUE ISLE|1-9|2|2|147|2|0|0|0|0|0|0|0|0|
ARO|PRESQUE ISLE|2-17|2|2|147|2|0|0|0|0|0|0|0|0|
ARO|PRESQUE ISLE|2-4|2|2|147|2|0|0|0|0|0|0|0|0|
ARO|PRESQUE ISLE|2-4|2|2|148|2|0|0|0|0|0|0|0|0|
ARO|PRESQUE ISLE|2-5|2|2|147|2|0|0|0|0|0|0|0|0|
ARO|REED PLT|1-1|2|2|144|1|0|0|0|0|0|0|0|0|
ARO|SAINT AGATHA|1-1|2|1|150|3|0|0|0|0|0|0|0|0|
ARO|SAINT FRANCIS|1-1|2|1|151|3|0|0|0|0|0|0|0|0|
ARO|SAINT JOHN PLT|1-1|2|1|151|3|0|0|0|0|0|0|0|0|
ARO|SHERMAN|1-1|2|2|145|1|0|0|0|0|0|0|0|0|
ARO|SILVER RIDGE TWP|1-1|2|2|144|1|0|0|0|0|0|0|0|0|
ARO|SINCLAIR|1-1|2|1|150|3|0|0|0|0|0|0|0|0|
ARO|SMYRNA|1-1|2|2|145|1|0|0|0|0|0|0|0|0|
ARO|STOCKHOLM|1-1|2|1|148|3|0|0|0|0|0|0|0|0|
ARO|VAN BUREN|1-1|2|1|150|3|0|0|0|0|0|0|0|0|
ARO|WADE|1-1|2|1|146|3|0|0|0|0|0|0|0|0|
ARO|WALLAGRASS|1-1|2|1|151|3|0|0|0|0|0|0|0|0|
ARO|WASHBURN|1-1|2|1|146|2|8|0|2|13|0|0|0|23|
ARO|WESTFIELD|1-1|2|2|146|2|0|0|0|0|0|0|0|0|
ARO|WESTMANLAND|1-1|2|1|149|3|0|0|0|0|0|0|0|0|
ARO|WESTON|1-1|2|2|144|1|3|0|2|1|0|0|0|6|
ARO|WINTERVILLE PLT|1-1|2|1|151|3|0|0|0|0|0|0|0|0|
ARO|WOODLAND|1-1|2|1|146|3|0|0|0|0|0|0|0|0|
CUM|BALDWIN|1-1|1|26|68|1|0|0|0|0|0|0|0|0|
CUM|BRIDGTON|1-1|1|19|69|1|0|0|0|1|0|0|0|1|
CUM|BRUNSWICK|1-1|1|24|50|3|0|0|0|0|0|0|0|0|
CUM|BRUNSWICK|1-1|1|24|51|3|1|0|0|0|0|0|0|1|
CUM|BRUNSWICK|1-2|1|24|50|3|0|0|0|0|0|0|0|0|
CUM|BRUNSWICK|1-2|1|24|51|3|0|0|1|0|0|0|0|1|
CUM|BRUNSWICK|2-1|1|24|49|3|0|0|0|0|0|0|0|0|
CUM|BRUNSWICK|2-1|1|24|50|3|0|0|0|0|0|0|0|0|
CUM|BRUNSWICK|2-2|1|24|50|3|0|0|1|3|0|0|0|4|
CUM|BRUNSWICK|3-1|1|24|49|3|0|0|0|0|0|0|0|0|
CUM|BRUNSWICK|3-2|1|24|49|3|0|0|0|0|0|0|0|0|
CUM|BRUNSWICK|4-1|1|24|49|3|0|0|0|0|0|0|0|0|
CUM|BRUNSWICK|4-2|1|24|49|3|0|0|0|0|0|0|0|0|
CUM|BRUNSWICK|5-1|1|24|50|3|0|0|0|0|0|0|0|0|
CUM|BRUNSWICK|5-2|1|24|50|3|1|0|1|0|0|0|0|2|
CUM|BRUNSWICK|6-1|1|24|49|3|0|0|0|0|0|0|0|0|
CUM|BRUNSWICK|6-1|1|24|50|3|0|0|0|0|0|0|0|0|
CUM|BRUNSWICK|6-2|1|24|49|3|5|0|3|5|0|0|0|13|
CUM|BRUNSWICK|6-2|1|24|50|3|2|0|0|0|0|0|0|2|
CUM|BRUNSWICK|7-1|1|24|49|3|0|0|0|0|0|0|0|0|
CUM|BRUNSWICK|7-1|1|24|50|3|0|0|0|0|0|0|0|0|
CUM|BRUNSWICK|7-2|1|24|49|3|0|0|0|0|0|0|0|0|
CUM|BRUNSWICK|7-2|1|24|50|3|3|0|0|0|0|0|0|3|
CUM|CAPE ELIZABETH|1-1|1|29|30|4|1|0|2|1|0|0|0|4|
CUM|CAPE ELIZABETH|1-1|1|29|32|4|0|0|0|0|0|0|0|0|
CUM|CASCO|1-1|1|26|66|2|0|0|0|0|0|0|0|0|
CUM|CASCO|1-1|1|26|67|2|0|0|0|0|0|0|0|0|
CUM|CHEBEAGUE ISLAND|1-1|1|25|47|3|0|0|0|0|0|0|0|0|
CUM|CUMBERLAND|1-1|1|25|45|3|0|0|0|0|0|0|0|0|
CUM|FALMOUTH|1-1|1|25|43|2|2|0|2|10|0|0|0|14|
CUM|FALMOUTH|1-1|1|25|44|2|14|0|8|26|0|0|0|48|
CUM|FREEPORT|1-1|1|24|48|3|0|0|0|1|0|0|0|1|
CUM|FREEPORT|2-1|1|24|48|3|0|0|0|0|0|0|0|0|
CUM|FREEPORT|3-1|1|24|48|3|0|0|1|0|0|0|0|1|
CUM|FREEPORT|4-1|1|24|48|3|1|0|3|1|0|0|0|5|
CUM|FRYE ISLAND|1-1|1|26|67|2|0|0|0|0|0|0|0|0|
CUM|GORHAM|1-1|1|30|27|1|1|0|1|0|0|0|0|2|
CUM|GORHAM|1-2|1|30|27|1|0|0|0|0|0|0|0|0|
CUM|GORHAM|2-1|1|30|26|1|0|0|0|0|0|0|0|0|
CUM|GRAY|1-1|1|25|45|2|0|0|0|0|0|0|0|0|
CUM|GRAY|1-1|1|25|67|2|1|0|0|2|0|0|0|3|
CUM|HARPSWELL|1-1|1|24|51|3|7|3|5|6|0|0|0|21|
CUM|HARPSWELL|2-1|1|24|51|3|9|2|4|10|0|0|0|25|
CUM|HARPSWELL|3-1|1|24|51|3|9|1|5|13|0|0|0|28|
CUM|HARRISON|1-1|1|19|69|2|0|0|0|0|0|0|0|0|
CUM|LONG ISLAND|1-1|1|25|47|3|1|1|2|5|0|0|0|9|
CUM|NAPLES|1-1|1|19|68|2|0|0|0|0|0|0|0|0|
CUM|NEW GLOUCESTER|1-1|1|20|65|2|5|0|1|4|0|0|0|10|
CUM|NORTH YARMOUTH|1-1|1|24|46|3|0|0|0|0|0|0|0|0|
CUM|PORTLAND|1-1|1|27|39|5|0|0|0|1|0|0|0|1|
CUM|PORTLAND|1-2|1|27|38|5|0|0|0|0|0|0|0|0|
CUM|PORTLAND|1-2|1|27|39|5|1|0|0|0|0|0|0|1|
CUM|PORTLAND|1-2|1|27|40|5|0|0|0|0|0|0|0|0|
CUM|PORTLAND|1-3|1|27|39|5|0|0|0|0|0|0|0|0|
CUM|PORTLAND|1-45|1|27|39|5|0|0|0|0|0|0|0|0|
CUM|PORTLAND|2-1|1|27|38|5|1|0|0|0|0|0|0|1|
CUM|PORTLAND|2-2|1|27|38|5|0|0|0|0|0|0|0|0|
CUM|PORTLAND|2-2|1|27|40|5|0|0|0|0|0|0|0|0|
CUM|PORTLAND|3-1|1|27|37|5|0|0|0|0|0|0|0|0|
CUM|PORTLAND|3-1|1|27|40|5|0|0|0|0|0|0|0|0|
CUM|PORTLAND|3-1|1|27|41|5|0|0|0|0|0|0|0|0|
CUM|PORTLAND|3-1|1|27|42|5|0|0|0|0|0|0|0|0|
CUM|PORTLAND|3-1|1|28|36|5|0|0|0|0|0|0|0|0|
CUM|PORTLAND|3-1|1|28|37|5|1|0|0|1|0|0|0|2|
CUM|PORTLAND|3-1|1|28|41|5|0|0|0|0|0|0|0|0|
CUM|PORTLAND|3-2|1|28|37|5|0|0|0|0|0|0|0|0|
CUM|PORTLAND|3-2|1|28|41|5|0|0|0|0|0|0|0|0|
CUM|PORTLAND|4-1|1|27|36|5|0|0|0|0|0|0|0|0|
CUM|PORTLAND|4-1|1|27|42|5|0|0|0|0|0|0|0|0|
CUM|PORTLAND|4-1|1|28|36|5|0|0|0|0|0|0|0|0|
CUM|PORTLAND|4-1|1|28|41|5|0|0|0|0|0|0|0|0|
CUM|PORTLAND|4-2|1|27|36|4|1|0|0|0|0|0|0|1|
CUM|PORTLAND|4-2|1|27|36|5|0|0|0|0|0|0|0|0|
CUM|PORTLAND|4-2|1|27|42|4|0|0|0|0|0|0|0|0|
CUM|PORTLAND|4-2|1|27|42|5|1|0|1|1|0|0|0|3|
CUM|PORTLAND|4-2|1|27|43|4|0|0|0|0|0|0|0|0|
CUM|PORTLAND|4-2|1|28|36|5|1|0|2|0|0|0|0|3|
CUM|PORTLAND|5-1|1|28|36|5|0|0|0|0|0|0|0|0|
CUM|PORTLAND|5-1|1|28|37|5|0|0|0|0|0|0|0|0|
CUM|PORTLAND|5-1|1|28|41|5|0|0|0|0|0|0|0|0|
CUM|PORTLAND|5-2|1|28|36|4|0|0|0|0|0|0|0|0|
CUM|PORTLAND|5-2|1|28|36|5|0|0|0|0|0|0|0|0|
CUM|PORTLAND|5-2|1|28|43|4|0|0|0|0|0|0|0|0|
CUM|POWNAL|1-1|1|24|46|3|0|0|0|0|0|0|0|0|
CUM|POWNAL|1-1|1|24|48|3|0|0|0|0|0|0|0|0|
CUM|RAYMOND|1-1|1|26|66|2|3|1|1|3|0|0|0|8|
CUM|RAYMOND|1-1|1|26|67|2|0|0|1|3|0|0|0|4|
CUM|SCARBOROUGH|1-1|1|29|28|1|0|0|0|0|0|0|0|0|
CUM|SCARBOROUGH|1-1|1|29|29|1|1|0|0|1|0|0|0|2|
CUM|SCARBOROUGH|1-1|1|30|27|1|0|0|0|0|0|0|0|0|
CUM|SCARBOROUGH|1-1|1|30|28|1|0|0|0|1|0|0|0|1|
CUM|SCARBOROUGH|1-1|1|30|29|1|0|0|1|0|0|0|0|1|
CUM|SEBAGO|1-1|1|19|68|1|0|0|0|0|0|0|0|0|
CUM|SOUTH PORTLAND|1-1|1|29|31|4|8|1|5|2|0|0|0|16|
CUM|SOUTH PORTLAND|2-1|1|29|31|4|18|4|5|17|0|0|0|44|
CUM|SOUTH PORTLAND|2-1|1|29|32|4|2|0|1|3|0|0|0|6|
CUM|SOUTH PORTLAND|3-1|1|29|32|4|1|0|0|2|0|0|0|3|
CUM|SOUTH PORTLAND|3-1|1|29|33|4|0|0|0|0|0|0|0|0|
CUM|SOUTH PORTLAND|4-1|1|29|32|4|0|0|0|1|0|0|0|1|
CUM|SOUTH PORTLAND|4-1|1|29|33|4|10|2|7|10|0|0|0|29|
CUM|SOUTH PORTLAND|5-1|1|29|33|4|0|0|0|1|0|0|0|1|
CUM|STANDISH|1-1|1|26|22|1|0|0|0|0|0|0|0|0|
CUM|STANDISH|1-1|1|26|23|1|0|0|0|0|0|0|0|0|
CUM|WESTBROOK|1-1|1|25|35|4|3|0|2|3|0|0|0|8|
CUM|WESTBROOK|1-1|1|28|34|4|4|0|2|7|0|0|0|13|
CUM|WESTBROOK|1-1|1|28|35|4|0|0|0|3|0|0|0|3|
CUM|WESTBROOK|2-1|1|28|34|4|3|0|3|14|0|2|0|22|
CUM|WESTBROOK|3-1|1|28|34|4|7|0|2|14|0|0|0|23|
CUM|WESTBROOK|4-1|1|25|35|4|1|1|0|0|0|0|0|2|
CUM|WESTBROOK|4-1|1|28|35|4|10|0|3|10|0|1|0|24|
CUM|WESTBROOK|5-1|1|25|35|4|2|0|0|2|0|0|0|4|
CUM|WESTBROOK|5-1|1|28|35|4|0|0|1|0|0|0|0|1|
CUM|WINDHAM|1-1|1|26|24|2|0|0|0|0|0|0|0|0|
CUM|WINDHAM|1-1|1|26|25|2|0|0|0|0|0|0|0|0|
CUM|YARMOUTH|1-1|1|25|47|3|1|0|0|0|0|0|0|1|
FRA|AVON|1-1|2|17|112|3|0|0|0|0|0|0|0|0|
FRA|CARRABASSETT VALLEY|1-1|2|17|112|3|0|0|0|0|0|0|0|0|
FRA|CARTHAGE|1-1|2|17|112|1|0|0|0|0|0|0|0|0|
FRA|CHESTERVILLE|1-1|2|17|114|2|0|0|0|0|0|0|0|0|
FRA|COPLIN PLT|1-1|2|17|117|3|0|0|0|0|0|0|0|0|
FRA|DALLAS PLT|1-1|2|17|117|3|0|0|0|0|0|0|0|0|
FRA|EUSTIS|1-1|2|17|117|3|0|0|0|0|0|0|0|0|
FRA|FARMINGTON|1-1|2|17|113|2|0|0|0|0|0|0|0|0|
FRA|INDUSTRY|1-1|2|17|114|3|5|1|12|16|0|0|0|34|
FRA|JAY|1-1|2|17|74|1|0|0|0|0|0|0|0|0|
FRA|KINGFIELD|1-1|2|17|112|3|1|1|12|21|0|0|0|35|
FRA|NEW SHARON|1-1|2|17|113|2|0|0|0|0|0|0|0|0|
FRA|NEW VINEYARD|1-1|2|17|114|3|0|0|0|0|0|0|0|0|
FRA|PHILLIPS|1-1|2|17|112|3|1|0|0|0|0|0|0|1|
FRA|RANGELEY|1-1|2|17|117|3|0|0|0|0|0|0|0|0|
FRA|RANGELEY PLT|1-1|2|17|117|3|0|0|0|0|0|0|0|0|
FRA|SANDY RIVER PLT|1-1|2|17|112|3|1|0|1|6|0|0|0|8|
FRA|STRONG|1-1|2|17|114|3|1|0|0|0|0|0|0|1|
FRA|TEMPLE|1-1|2|17|114|1|0|0|0|0|0|0|0|0|
FRA|WELD|1-1|2|17|112|3|2|0|2|4|0|0|0|8|
FRA|WILTON|1-1|2|17|114|1|0|0|0|0|0|0|0|0|
HAN|AMHERST|1-1|2|7|137|1|0|0|0|0|0|0|0|0|
HAN|AURORA|1-1|2|7|137|1|0|0|0|0|0|0|0|0|
HAN|BAR HARBOR|1-1|2|7|135|3|4|1|3|4|0|0|0|12|
HAN|BLUE HILL|1-1|2|7|133|1|0|0|0|0|0|0|0|0|
HAN|BROOKLIN|1-1|2|7|133|2|2|1|0|5|0|0|0|8|
HAN|BROOKSVILLE|1-1|2|7|133|2|0|0|0|0|0|0|0|0|
HAN|BUCKSPORT|1-1|2|8|130|2|0|0|1|0|0|0|0|1|
HAN|CASTINE|1-1|2|8|133|2|0|0|0|0|0|0|0|0|
HAN|CRANBERRY ISLES|1-1|2|7|134|3|0|0|0|0|0|0|0|0|
HAN|CRANBERRY ISLES|2-1|2|7|134|3|0|0|0|0|0|0|0|0|
HAN|DEDHAM|1-1|2|8|131|2|0|0|0|0|0|0|0|0|
HAN|DEER ISLE|1-1|2|7|134|2|0|0|0|0|0|0|0|0|
HAN|EASTBROOK|1-1|2|7|137|1|1|0|0|2|0|0|0|3|
HAN|ELLSWORTH|1-1|2|7|132|1|0|0|0|2|0|0|0|2|
HAN|ELLSWORTH|2-1|2|7|132|1|0|0|1|0|0|0|0|1|
HAN|ELLSWORTH|3-1|2|7|132|1|0|0|0|0|0|0|0|0|
HAN|ELLSWORTH|4-1|2|7|132|1|0|0|0|0|0|0|0|0|
HAN|FRANKLIN|1-1|2|7|137|3|0|0|0|0|0|0|0|0|
HAN|FRENCHBORO|1-1|2|7|134|3|0|0|0|0|0|0|0|0|
HAN|GOULDSBORO|1-1|2|6|136|1|1|0|0|0|0|0|0|1|
HAN|GREAT POND|1-1|2|8|137|1|2|0|1|0|0|0|0|3|
HAN|HANCOCK|1-1|2|7|136|3|0|0|0|2|0|0|0|2|
HAN|LAMOINE|1-1|2|7|135|3|0|0|0|0|0|0|0|0|
HAN|MARIAVILLE|1-1|2|7|136|1|0|0|0|0|0|0|0|0|
HAN|MOUNT DESERT|1-1|2|7|135|3|1|0|0|0|0|0|0|1|
HAN|MOUNT DESERT|1-2|2|7|135|3|0|0|0|1|0|0|0|1|
HAN|ORLAND|1-1|2|8|131|2|0|0|0|0|0|0|0|0|
HAN|OSBORN|1-1|2|7|136|1|1|2|5|1|0|0|0|9|
HAN|OTIS|1-1|2|7|131|1|0|0|4|4|0|0|0|8|
HAN|PENOBSCOT|1-1|2|8|131|2|0|0|0|0|0|0|0|0|
HAN|SEDGWICK|1-1|2|7|133|2|0|0|0|0|0|0|0|0|
HAN|SORRENTO|1-1|2|7|136|1|0|0|0|0|0|0|0|0|
HAN|SOUTHWEST HARBOR|1-1|2|7|134|3|0|0|0|0|0|0|0|0|
HAN|STONINGTON|1-1|2|7|134|2|0|0|0|1|0|0|0|1|
HAN|SULLIVAN|1-1|2|6|136|1|0|0|0|0|0|0|0|0|
HAN|SURRY|1-1|2|7|133|1|0|0|0|0|0|0|0|0|
HAN|SWANS ISLAND|1-1|2|7|134|3|3|1|3|2|0|0|0|9|
HAN|TREMONT|1-1|2|7|134|3|6|3|6|10|0|0|0|25|
HAN|TRENTON|1-1|2|7|132|3|0|0|0|1|0|0|0|1|
HAN|VERONA ISLAND|1-1|2|8|131|2|0|0|0|0|0|0|0|0|
HAN|WALTHAM|1-1|2|7|136|1|0|0|0|0|0|0|0|0|
HAN|WINTER HARBOR|1-1|2|6|136|1|0|0|0|0|0|0|0|0|
KEN|ALBION|1-1|2|16|79|3|0|0|0|0|0|0|0|0|
KEN|AUGUSTA|1-1|1|15|85|1|0|0|0|1|0|0|0|1|
KEN|AUGUSTA|1-1|1|15|86|1|0|0|1|0|0|0|0|1|
KEN|AUGUSTA|2-1|1|15|85|1|1|0|0|2|0|0|0|3|
KEN|AUGUSTA|3-1|1|15|86|1|1|0|3|1|0|0|0|5|
KEN|AUGUSTA|4-1|1|15|80|1|0|0|0|0|0|0|0|0|
KEN|AUGUSTA|4-1|1|15|85|1|0|0|0|0|0|0|0|0|
KEN|BELGRADE|1-1|2|17|76|3|0|0|0|0|0|0|0|0|
KEN|BENTON|1-1|2|16|78|3|0|0|1|0|0|0|0|1|
KEN|BENTON|1-1|2|16|79|3|0|1|1|0|0|0|0|2|
KEN|CHELSEA|1-1|1|14|88|1|0|0|0|0|0|0|0|0|
KEN|CHINA|1-1|1|15|79|1|1|3|5|12|0|0|0|21|
KEN|CLINTON|1-1|2|16|106|3|1|0|0|0|0|0|0|1|
KEN|FARMINGDALE|1-1|1|14|83|2|6|0|7|12|0|0|0|25|
KEN|FAYETTE|1-1|2|17|76|2|0|0|0|0|0|0|0|0|
KEN|GARDINER|1-1|2|14|83|2|0|0|0|0|0|0|0|0|
KEN|GARDINER|2-1|2|14|83|2|0|0|0|0|0|0|0|0|
KEN|GARDINER|3-1|2|14|83|2|0|0|0|0|0|0|0|0|
KEN|GARDINER|4-1|2|14|83|2|0|0|0|1|0|0|0|1|
KEN|HALLOWELL|1-1|1|14|84|2|0|0|0|0|0|0|0|0|
KEN|HALLOWELL|2-1|1|14|84|2|0|0|0|0|0|0|0|0|
KEN|HALLOWELL|3-1|1|14|84|2|0|0|0|0|0|0|0|0|
KEN|HALLOWELL|4-1|1|14|84|2|0|0|0|1|0|0|0|1|
KEN|HALLOWELL|5-1|1|14|84|2|0|0|0|0|0|0|0|0|
KEN|LITCHFIELD|1-1|2|22|82|2|2|0|1|1|0|0|0|4|
KEN|MANCHESTER|1-1|1|14|84|1|0|0|0|0|0|0|0|0|
KEN|MONMOUTH|1-1|2|14|81|2|0|0|0|0|0|0|0|0|
KEN|MONMOUTH|1-1|2|14|82|2|0|0|0|1|0|0|0|1|
KEN|MOUNT VERNON|1-1|2|17|76|2|0|0|0|0|0|0|0|0|
KEN|OAKLAND|1-1|2|15|110|3|0|0|0|0|0|0|0|0|
KEN|OAKLAND|1-1|2|15|77|3|0|0|0|0|0|0|0|0|
KEN|PITTSTON|1-1|1|14|87|2|0|0|0|0|0|0|0|0|
KEN|RANDOLPH|1-1|2|14|87|2|0|0|0|0|0|0|0|0|
KEN|READFIELD|1-1|1|14|81|2|0|0|0|0|0|0|0|0|
KEN|ROME|1-1|2|3|76|3|0|0|0|0|0|0|0|0|
KEN|SIDNEY|1-1|2|15|77|1|0|0|0|0|0|0|0|0|
KEN|VASSALBORO|1-1|1|15|80|1|0|0|1|1|0|0|0|2|
KEN|VIENNA|1-1|2|17|76|2|0|0|0|0|0|0|0|0|
KEN|WATERVILLE|1-1|1|16|110|3|0|0|0|1|0|0|0|1|
KEN|WATERVILLE|2-1|1|16|110|3|0|1|1|0|0|0|0|2|
KEN|WATERVILLE|3-1|1|16|110|3|2|0|1|1|0|0|0|4|
KEN|WATERVILLE|4-1|1|16|109|3|1|1|0|0|0|0|0|2|
KEN|WATERVILLE|5-1|1|16|109|3|2|1|0|0|0|0|0|3|
KEN|WATERVILLE|6-1|1|16|109|3|1|0|1|83|0|0|0|85|
KEN|WATERVILLE|6-1|1|16|110|3|1|0|0|17|0|0|0|18|
KEN|WATERVILLE|7-1|1|16|109|3|1|1|0|3|0|1|0|6|
KEN|WAYNE|1-1|2|22|76|2|1|0|0|0|0|0|0|1|
KEN|WEST GARDINER|1-1|2|14|84|2|0|0|0|0|0|0|0|0|
KEN|WINDSOR|1-1|1|13|80|1|1|0|2|1|0|0|0|4|
KEN|WINSLOW|1-1|1|16|78|3|1|0|0|0|0|0|0|1|
KEN|WINSLOW|2-1|1|16|78|3|0|0|0|0|0|0|0|0|
KEN|WINSLOW|3-1|1|16|78|3|0|0|0|0|0|0|0|0|
KEN|WINSLOW|4-1|1|16|78|3|0|0|0|0|0|0|0|0|
KEN|WINSLOW|5-1|1|16|78|3|0|0|0|0|0|0|0|0|
KEN|WINTHROP|1-1|1|14|81|2|0|0|0|0|0|0|0|0|
KNO|APPLETON|1-1|1|12|95|3|0|0|0|0|0|0|0|0|
KNO|CAMDEN|1-1|1|12|94|3|0|0|1|2|0|0|0|3|
KNO|CUSHING|1-1|1|12|92|2|0|0|0|0|0|0|0|0|
KNO|FRIENDSHIP|1-1|1|12|91|2|0|0|0|0|0|0|0|0|
KNO|HOPE|1-1|1|12|95|3|22|3|10|21|0|0|0|56|
KNO|ISLE AU HAUT|1-1|1|12|134|3|0|0|0|0|0|0|0|0|
KNO|MATINICUS ISLE PLT|1-1|1|12|92|3|0|0|0|0|0|0|0|0|
KNO|NORTH HAVEN|1-1|1|12|134|3|15|0|1|7|0|0|0|23|
KNO|OWLS HEAD|1-1|1|12|93|1|0|0|0|0|0|0|0|0|
KNO|ROCKLAND|1-1|1|12|93|1|8|0|10|10|0|0|0|28|
KNO|ROCKPORT|1-1|1|12|94|3|0|0|0|0|0|0|0|0|
KNO|SAINT GEORGE|1-1|1|12|92|2|2|0|4|6|0|0|0|12|
KNO|SOUTH THOMASTON|1-1|1|12|92|1|0|0|0|0|0|0|0|0|
KNO|THOMASTON|1-1|1|12|92|1|1|0|2|0|0|0|0|3|
KNO|UNION|1-1|1|12|91|2|1|0|5|1|0|0|0|7|
KNO|UNION|1-1|1|12|95|2|0|1|12|9|0|0|0|22|
KNO|VINALHAVEN|1-1|1|12|134|3|9|0|5|8|0|0|0|22|
KNO|WARREN|1-1|1|12|95|2|1|0|0|0|0|0|0|1|
KNO|WASHINGTON|1-1|1|13|91|2|0|0|0|0|0|0|0|0|
LIN|ALNA|1-1|1|13|87|3|0|0|0|0|0|0|0|0|
LIN|BOOTHBAY|1-1|1|13|89|1|0|0|0|0|0|0|0|0|
LIN|BOOTHBAY HARBOR|1-1|1|13|89|1|0|0|0|0|0|0|0|0|
LIN|BREMEN|1-1|1|13|90|2|0|0|0|0|0|0|0|0|
LIN|BRISTOL|1-1|1|13|90|2|0|0|1|0|0|0|0|1|
LIN|DAMARISCOTTA|1-1|1|13|90|3|2|1|6|0|0|0|0|9|
LIN|DRESDEN|1-1|1|23|53|3|1|0|0|3|0|0|0|4|
LIN|EDGECOMB|1-1|1|13|89|1|0|0|0|0|0|0|0|0|
LIN|JEFFERSON|1-1|1|13|88|3|0|0|0|0|0|0|0|0|
LIN|MONHEGAN ISLAND PLT|1-1|1|13|90|2|0|0|0|0|0|0|0|0|
LIN|NEWCASTLE|1-1|1|13|90|3|0|0|1|0|0|0|0|1|
LIN|NOBLEBORO|1-1|1|13|88|2|1|0|0|0|0|0|0|1|
LIN|NOBLEBORO|1-1|1|13|90|2|0|0|0|0|0|0|0|0|
LIN|SOMERVILLE|1-1|1|13|80|3|0|0|0|0|0|0|0|0|
LIN|SOUTH BRISTOL|1-1|1|13|89|2|0|0|0|0|0|0|0|0|
LIN|SOUTH BRISTOL|1-1|1|13|90|2|0|0|0|0|0|0|0|0|
LIN|SOUTHPORT|1-1|1|13|89|1|0|0|0|0|0|0|0|0|
LIN|WALDOBORO|1-1|1|13|91|2|0|0|0|1|0|0|0|1|
LIN|WESTPORT ISLAND|1-1|1|13|89|1|0|0|0|0|0|0|0|0|
LIN|WHITEFIELD|1-1|1|13|88|3|0|1|0|0|0|0|0|1|
LIN|WISCASSET|1-1|1|13|87|1|0|0|2|1|0|1|0|4|
OXF|ALBANY TWP|1-1|2|18|117|1|0|0|0|0|0|0|0|0|
OXF|ANDOVER|1-1|2|18|117|2|0|0|0|0|0|0|0|0|
OXF|BETHEL|1-1|2|18|117|2|0|0|0|0|0|0|0|0|
OXF|BROWNFIELD|1-1|2|19|70|1|0|0|0|0|0|0|0|0|
OXF|BUCKFIELD|1-1|2|18|73|3|0|0|0|0|0|0|0|0|
OXF|BYRON|1-1|2|18|117|2|0|0|0|0|0|0|0|0|
OXF|CANTON|1-1|2|18|116|2|1|0|0|0|0|0|0|1|
OXF|DENMARK|1-1|2|19|69|1|0|0|0|0|0|0|0|0|
OXF|DIXFIELD|1-1|2|18|116|2|0|0|0|0|0|0|0|0|
OXF|FRYEBURG|1-1|2|19|70|1|1|1|4|10|0|0|0|16|
OXF|GILEAD|1-1|2|18|117|2|0|0|0|0|0|0|0|0|
OXF|GREENWOOD|1-1|2|18|117|1|0|0|0|0|0|0|0|0|
OXF|HANOVER|1-1|2|18|117|2|0|0|0|0|0|0|0|0|
OXF|HARTFORD|1-1|2|18|116|3|0|0|0|0|0|0|0|0|
OXF|HEBRON|1-1|2|18|73|3|0|0|0|0|0|0|0|0|
OXF|HIRAM|1-1|2|19|70|1|0|0|0|0|0|0|0|0|
OXF|LINCOLN PLT|1-1|2|18|117|2|0|0|0|0|0|0|0|0|
OXF|LOVELL|1-1|2|18|117|1|0|0|0|0|0|0|0|0|
OXF|LOVELL|1-1|2|18|70|1|0|0|0|0|0|0|0|0|
OXF|MAGALLOWAY PLT|1-1|2|18|117|2|0|0|0|0|0|0|0|0|
OXF|MEXICO|1-1|2|18|116|2|0|0|0|0|0|0|0|0|
OXF|NEWRY|1-1|2|18|117|2|0|0|0|0|0|0|0|0|
OXF|NORWAY|1-1|2|19|71|1|0|0|0|0|0|0|0|0|
OXF|OTISFIELD|1-1|2|19|72|3|0|0|0|0|0|0|0|0|
OXF|OXFORD|1-1|2|19|72|3|2|0|1|1|0|0|0|4|
OXF|PARIS|1-1|2|19|73|3|0|0|0|0|0|0|0|0|
OXF|PERU|1-1|2|18|116|2|0|0|0|0|0|0|0|0|
OXF|PORTER|1-1|2|19|70|1|0|0|0|0|0|0|0|0|
OXF|ROXBURY|1-1|2|18|115|2|0|0|0|0|0|0|0|0|
OXF|RUMFORD|1-1|2|18|115|2|17|1|8|14|0|0|0|40|
OXF|STONEHAM|1-1|2|18|117|1|0|0|0|0|0|0|0|0|
OXF|STOW|1-1|2|18|117|1|0|0|0|0|0|0|0|0|
OXF|SUMNER|1-1|2|18|115|3|0|0|0|0|0|0|0|0|
OXF|SWEDEN|1-1|2|18|71|1|0|0|0|0|0|0|0|0|
OXF|UPTON|1-1|2|18|117|2|0|0|0|0|0|0|0|0|
OXF|WATERFORD|1-1|2|18|71|1|0|0|0|0|0|0|0|0|
OXF|WEST PARIS|1-1|2|18|71|3|0|0|0|0|0|0|0|0|
OXF|WOODSTOCK|1-1|2|18|115|3|3|0|0|1|0|0|0|4|
PEN|ALTON|1-1|2|4|121|3|0|0|0|0|0|0|0|0|
PEN|BANGOR|1-1|2|9|124|1|22|2|15|53|0|2|0|94|
PEN|BANGOR|1-1|2|9|125|1|65|15|39|128|0|1|0|248|
PEN|BANGOR|1-1|2|9|126|1|32|6|21|52|0|1|0|112|
PEN|BANGOR|1-1|2|9|127|1|32|7|21|73|0|8|0|141|
PEN|BRADFORD|1-1|2|4|137|3|0|0|0|0|0|0|0|0|
PEN|BRADLEY|1-1|2|8|137|3|1|0|1|0|0|0|0|2|
PEN|BREWER|1-1|2|8|128|1|0|0|0|0|0|0|0|0|
PEN|BREWER|1-1|2|8|129|1|0|0|0|0|0|0|0|0|
PEN|BURLINGTON|1-1|2|8|141|3|2|0|2|2|0|0|0|6|
PEN|CARMEL|1-1|2|10|103|2|0|0|0|1|0|0|0|1|
PEN|CARROLL PLT|1-1|2|2|141|3|0|0|0|0|0|0|0|0|
PEN|CHARLESTON|1-1|2|4|104|2|5|0|1|11|0|0|0|17|
PEN|CHESTER|1-1|2|5|141|3|0|0|0|0|0|0|0|0|
PEN|CLIFTON|1-1|2|8|129|1|0|0|0|1|0|0|0|1|
PEN|CORINNA|1-1|2|10|100|2|0|0|0|0|0|0|0|0|
PEN|CORINTH|1-1|2|10|121|2|0|0|3|7|0|0|0|10|
PEN|DEXTER|1-1|2|4|104|2|0|0|0|0|0|0|0|0|
PEN|DIXMONT|1-1|2|10|100|2|0|0|0|0|0|0|0|0|
PEN|DREW PLT|1-1|2|2|141|3|0|0|0|0|0|0|0|0|
PEN|EAST MILLINOCKET|1-1|2|5|143|3|13|2|22|26|0|0|0|63|
PEN|EDDINGTON|1-1|2|8|129|1|1|0|0|0|0|0|0|1|
PEN|EDINBURG|1-1|2|5|137|3|0|0|0|0|0|0|0|0|
PEN|ENFIELD|1-1|2|5|142|3|1|0|0|0|0|0|0|1|
PEN|ETNA|1-1|2|10|100|2|1|1|0|2|0|0|0|4|
PEN|ETNA|1-1|2|10|103|2|0|0|0|2|0|0|0|2|
PEN|EXETER|1-1|2|10|104|2|0|0|0|0|0|0|0|0|
PEN|GARLAND|1-1|2|4|104|2|0|0|0|2|0|0|0|2|
PEN|GLENBURN|1-1|2|10|102|2|0|1|3|1|0|2|0|7|
PEN|GREENBUSH|1-1|2|5|137|3|0|0|0|0|0|0|0|0|
PEN|HAMPDEN|1-1|2|10|101|2|0|0|1|2|0|0|0|3|
PEN|HAMPDEN|2-1|2|10|101|2|1|1|1|0|0|0|0|3|
PEN|HAMPDEN|3-1|2|10|101|2|0|0|0|0|0|1|0|1|
PEN|HAMPDEN|4-1|2|10|101|2|0|0|0|1|0|0|0|1|
PEN|HERMON|1-1|2|9|103|2|0|0|0|4|0|1|0|5|
PEN|HOLDEN|1-1|2|8|129|1|10|0|11|10|0|0|0|31|
PEN|HOWLAND|1-1|2|5|142|3|0|0|0|0|0|0|0|0|
PEN|HUDSON|1-1|2|10|121|2|2|0|4|2|0|0|0|8|
PEN|KENDUSKEAG|1-1|2|10|102|2|0|0|1|0|0|0|0|1|
PEN|KINGMAN TWP|1-1|2|2|141|3|0|0|0|0|0|0|0|0|
PEN|LAGRANGE|1-1|2|4|137|3|0|0|0|0|0|0|0|0|
PEN|LAKEVILLE|1-1|2|2|141|3|0|0|0|0|0|0|0|0|
PEN|LEE|1-1|2|2|141|3|0|0|0|0|0|0|0|0|
PEN|LEVANT|1-1|2|10|102|2|0|0|0|1|0|0|0|1|
PEN|LINCOLN|1-1|2|8|142|3|0|0|0|1|0|0|0|1|
PEN|LOWELL|1-1|2|8|141|3|0|0|0|0|0|0|0|0|
PEN|MATTAWAMKEAG|1-1|2|5|141|3|6|2|7|11|0|0|0|26|
PEN|MAXFIELD|1-1|2|5|142|3|0|0|0|0|0|0|0|0|
PEN|MEDWAY|1-1|2|5|143|3|0|0|0|0|0|0|0|0|
PEN|MILFORD|1-1|2|5|121|3|0|0|0|1|0|0|0|1|
PEN|MILLINOCKET|1-1|2|5|143|3|0|0|0|0|0|0|0|0|
PEN|MILLINOCKET|1-2|2|5|143|3|0|0|0|0|0|0|0|0|
PEN|MOUNT CHASE|1-1|2|2|145|3|1|1|0|8|0|0|0|10|
PEN|NEWBURGH|1-1|2|10|101|2|0|0|0|0|0|0|0|0|
PEN|NEWPORT|1-1|2|10|100|2|0|0|0|0|0|0|0|0|
PEN|OLD TOWN|1-1|2|5|122|3|0|0|0|0|0|0|0|0|
PEN|OLD TOWN|5-1|2|5|122|3|0|0|0|0|0|0|0|0|
PEN|ORONO|1-1|2|5|123|3|0|0|0|0|0|2|0|2|
PEN|ORONO|1-2|2|5|123|3|0|0|0|0|0|0|0|0|
PEN|ORONO|1-3|2|5|123|3|0|0|0|0|0|0|0|0|
PEN|ORONO|1-3|2|5|124|3|0|0|0|0|0|0|0|0|
PEN|ORRINGTON|1-1|2|8|130|2|0|0|0|0|0|0|0|0|
PEN|PASSADUMKEAG|1-1|2|5|137|3|0|0|0|0|0|0|0|0|
PEN|PATTEN|1-1|2|2|143|3|0|0|0|0|0|0|0|0|
PEN|PENOBSCOT NATION VOTING DISTRICT|1-1|2|5|122|3|0|0|0|0|0|0|0|0|
PEN|PLYMOUTH|1-1|2|10|100|2|0|0|0|0|0|0|0|0|
PEN|PRENTISS TWP T7 R3 NBPP|1-1|2|2|141|3|0|0|0|0|0|0|0|0|
PEN|SEBOEIS PLT|1-1|2|5|142|3|0|0|0|0|0|0|0|0|
PEN|SPRINGFIELD|1-1|2|2|141|3|0|0|0|0|0|0|0|0|
PEN|STACYVILLE|1-1|2|2|145|3|0|0|0|0|0|0|0|0|
PEN|STETSON|1-1|2|10|104|2|0|0|0|0|0|0|0|0|
PEN|VEAZIE|1-1|2|5|129|1|0|0|0|0|0|0|0|0|
PEN|WEBSTER PLT|1-1|2|2|141|3|0|0|0|0|0|0|0|0|
PEN|WINN|1-1|2|2|141|3|0|0|0|0|0|0|0|0|
PEN|WOODVILLE|1-1|2|5|142|3|0|0|0|0|0|0|0|0|
PIS|ABBOT|1-1|2|4|119|1|0|0|0|0|0|0|0|0|
PIS|ATKINSON|1-1|2|4|120|2|0|0|0|0|0|0|0|0|
PIS|BEAVER COVE|1-1|2|4|119|3|0|0|0|0|0|0|0|0|
PIS|BOWERBANK|1-1|2|4|119|2|0|0|0|0|0|0|0|0|
PIS|BROWNVILLE|1-1|2|4|120|3|1|0|0|0|0|0|0|1|
PIS|DOVER-FOXCROFT|1-1|2|4|120|2|5|1|2|10|0|0|0|18|
PIS|GREENVILLE|1-1|2|4|119|3|0|0|0|0|0|0|0|0|
PIS|GUILFORD|1-1|2|4|119|1|7|1|9|15|0|0|0|32|
PIS|KINGSBURY PLT|1-1|2|4|118|1|0|0|0|0|0|0|0|0|
PIS|LAKE VIEW PLT|1-1|2|4|120|3|0|0|0|0|0|0|0|0|
PIS|MEDFORD|1-1|2|4|120|2|0|0|0|0|0|0|0|0|
PIS|MILO|1-1|2|4|120|3|0|0|0|0|0|0|0|0|
PIS|MONSON|1-1|2|4|119|1|0|0|0|0|0|0|0|0|
PIS|PARKMAN|1-1|2|4|119|1|0|0|0|0|0|0|0|0|
PIS|SANGERVILLE|1-1|2|4|119|1|0|0|0|0|0|0|0|0|
PIS|SEBEC|1-1|2|4|119|2|0|0|0|0|0|0|0|0|
PIS|SHIRLEY|1-1|2|4|119|1|0|0|0|0|0|0|0|0|
PIS|WELLINGTON|1-1|2|4|118|1|0|0|0|0|0|0|0|0|
PIS|WILLIMANTIC|1-1|2|4|119|1|0|0|0|0|0|0|0|0|
SAG|ARROWSIC|1-1|1|23|53|3|0|0|0|1|0|0|0|1|
SAG|BATH|1-1|1|23|52|2|0|0|0|2|0|0|0|2|
SAG|BATH|2-1|1|23|52|2|1|0|1|0|0|0|0|2|
SAG|BATH|3-1|1|23|52|2|0|0|0|0|0|0|0|0|
SAG|BATH|4-1|1|23|52|2|0|0|0|0|0|0|0|0|
SAG|BATH|5-1|1|23|52|2|0|0|0|3|0|0|0|3|
SAG|BATH|6-1|1|23|52|2|0|0|0|1|0|0|0|1|
SAG|BATH|7-1|1|23|52|2|0|0|0|0|0|0|0|0|
SAG|BOWDOIN|1-1|1|23|55|1|0|0|0|0|0|0|0|0|
SAG|BOWDOINHAM|1-1|1|23|55|2|1|0|3|4|0|0|0|8|
SAG|GEORGETOWN|1-1|1|23|53|3|12|0|3|4|0|0|0|19|
SAG|PHIPPSBURG|1-1|1|23|53|3|0|0|0|0|0|0|0|0|
SAG|RICHMOND|1-1|1|23|53|3|0|0|0|0|0|0|0|0|
SAG|RICHMOND|1-1|1|23|55|3|0|0|0|0|0|0|0|0|
SAG|TOPSHAM|1-1|1|23|54|1|2|0|5|3|0|0|0|10|
SAG|WEST BATH|1-1|1|23|51|3|1|0|0|1|0|0|0|2|
SAG|WOOLWICH|1-1|1|23|53|3|16|2|13|31|0|0|0|62|
SOM|ANSON|1-1|2|3|112|2|0|0|0|0|0|0|0|0|
SOM|ATHENS|1-1|2|4|118|5|0|0|0|0|0|0|0|0|
SOM|BINGHAM|1-1|2|3|118|5|1|0|0|0|0|0|0|1|
SOM|BRIGHTON PLT|1-1|2|4|118|5|0|0|0|3|0|0|0|3|
SOM|CAMBRIDGE|1-1|2|4|105|3|0|0|0|0|0|0|0|0|
SOM|CANAAN|1-1|2|3|105|4|35|3|16|31|0|0|0|85|
SOM|CARATUNK|1-1|2|3|118|5|0|0|0|0|0|0|0|0|
SOM|CORNVILLE|1-1|2|3|118|5|0|0|0|0|0|0|0|0|
SOM|DENNISTOWN PLT|1-1|2|3|118|5|0|0|0|0|0|0|0|0|
SOM|DETROIT|1-1|2|4|106|3|0|0|0|0|0|0|0|0|
SOM|EMBDEN|1-1|2|3|118|5|0|0|0|0|0|0|0|0|
SOM|FAIRFIELD|1-1|2|16|108|1|1|1|4|7|0|0|0|13|
SOM|HARMONY|1-1|2|4|118|5|0|0|0|0|0|0|0|0|
SOM|HARTLAND|1-1|2|4|105|5|0|0|0|0|0|0|0|0|
SOM|HIGHLAND PLT|1-1|2|3|118|5|0|0|0|0|0|0|0|0|
SOM|JACKMAN|1-1|2|3|118|5|0|0|0|0|0|0|0|0|
SOM|JACKMAN|1-2|2|3|118|5|0|0|0|0|0|0|0|0|
SOM|MADISON|1-1|2|3|107|2|0|0|0|0|0|0|0|0|
SOM|MADISON|1-1|2|3|111|2|1|0|1|0|0|0|0|2|
SOM|MERCER|1-1|2|3|108|2|3|1|4|13|0|0|0|21|
SOM|MOOSE RIVER|1-1|2|3|118|5|0|0|4|2|0|0|0|6|
SOM|MOSCOW|1-1|2|3|118|5|0|0|0|0|0|0|0|0|
SOM|NEW PORTLAND|1-1|2|3|112|2|0|0|0|0|0|0|0|0|
SOM|NORRIDGEWOCK|1-1|2|3|111|1|1|0|0|0|0|0|0|1|
SOM|PALMYRA|1-1|2|4|105|3|1|0|0|0|0|0|0|1|
SOM|PITTSFIELD|1-1|2|3|106|3|0|0|1|0|0|0|0|1|
SOM|PITTSFIELD|1-2|2|3|106|3|0|0|1|0|0|0|0|1|
SOM|PITTSFIELD|1-3|2|3|106|3|0|0|0|0|0|0|0|0|
SOM|PITTSFIELD|1-4|2|3|106|3|0|0|0|0|0|0|0|0|
SOM|PLEASANT RIDGE PLT|1-1|2|3|118|5|0|0|0|0|0|0|0|0|
SOM|RIPLEY|1-1|2|4|105|3|0|0|0|0|0|0|0|0|
SOM|ROCKWOOD STRIP TWP|1-1|2|3|118|5|0|0|0|0|0|0|0|0|
SOM|SAINT ALBANS|1-1|2|4|105|3|0|1|0|0|0|0|0|1|
SOM|SKOWHEGAN|1-1|2|3|107|4|0|0|0|1|0|0|0|1|
SOM|SMITHFIELD|1-1|2|3|108|2|0|0|0|0|0|0|0|0|
SOM|SOLON|1-1|2|3|111|5|6|0|0|17|0|0|0|23|
SOM|STARKS|1-1|2|3|112|2|0|0|0|1|0|0|0|1|
SOM|THE FORKS PLT|1-1|2|3|118|5|1|0|2|7|0|0|0|10|
SOM|WEST FORKS PLT|1-1|2|3|118|5|1|0|0|0|0|0|0|1|
WAL|BELFAST|1-1|2|11|97|1|0|0|0|0|0|0|0|0|
WAL|BELFAST|2-1|2|11|97|1|0|0|0|0|0|0|0|0|
WAL|BELFAST|3-1|2|11|97|1|0|0|0|0|0|0|0|0|
WAL|BELFAST|4-1|2|11|97|1|0|0|0|0|0|0|0|0|
WAL|BELFAST|5-1|2|11|97|1|0|0|1|0|0|0|0|1|
WAL|BELMONT|1-1|2|11|96|1|0|0|1|0|0|0|0|1|
WAL|BROOKS|1-1|2|11|99|3|0|0|0|0|0|0|0|0|
WAL|BURNHAM|1-1|2|11|99|3|0|0|0|0|0|0|0|0|
WAL|FRANKFORT|1-1|2|11|98|2|0|0|0|0|0|0|0|0|
WAL|FREEDOM|1-1|2|11|99|3|0|0|0|0|0|0|0|0|
WAL|ISLESBORO|1-1|2|11|94|1|0|0|0|0|0|0|0|0|
WAL|JACKSON|1-1|2|11|99|2|0|0|0|0|0|0|0|0|
WAL|KNOX|1-1|2|11|99|3|0|0|0|0|0|0|0|0|
WAL|LIBERTY|1-1|2|11|96|3|0|0|0|0|0|0|0|0|
WAL|LINCOLNVILLE|1-1|2|11|96|1|0|0|0|0|0|0|0|0|
WAL|MONROE|1-1|2|11|99|2|0|0|0|0|0|0|0|0|
WAL|MONTVILLE|1-1|2|11|96|3|3|3|2|7|0|0|0|15|
WAL|MORRILL|1-1|2|11|96|1|0|0|0|0|0|0|0|0|
WAL|NORTHPORT|1-1|2|11|97|1|1|0|0|3|0|0|0|4|
WAL|PALERMO|1-1|2|11|96|3|1|2|0|4|0|0|0|7|
WAL|PROSPECT|1-1|2|11|131|2|0|0|0|0|0|0|0|0|
WAL|SEARSMONT|1-1|2|11|96|3|1|0|4|9|0|0|0|14|
WAL|SEARSPORT|1-1|2|11|98|2|0|0|3|1|0|0|0|4|
WAL|STOCKTON SPRINGS|1-1|2|11|131|2|0|0|0|0|0|0|0|0|
WAL|SWANVILLE|1-1|2|11|98|2|0|0|0|0|0|0|0|0|
WAL|THORNDIKE|1-1|2|11|99|3|0|0|0|0|0|0|0|0|
WAL|TROY|1-1|2|11|99|3|0|0|0|0|0|0|0|0|
WAL|UNITY|1-1|2|11|99|3|0|0|0|0|0|0|0|0|
WAL|WALDO|1-1|2|11|97|1|0|0|0|0|0|0|0|0|
WAL|WINTERPORT|1-1|2|11|98|2|0|0|0|0|0|0|0|0|
WAS|ADDISON|1-1|2|6|138|3|0|0|0|0|0|0|0|0|
WAS|ALEXANDER|1-1|2|6|141|1|1|0|0|2|0|0|0|3|
WAS|BAILEYVILLE|1-1|2|6|140|1|0|0|0|0|0|0|0|0|
WAS|BARING PLT|1-1|2|6|140|1|0|0|0|0|0|0|0|0|
WAS|BEALS|1-1|2|6|138|3|0|0|0|0|0|0|0|0|
WAS|BEDDINGTON|1-1|2|6|137|1|0|0|0|3|0|0|0|3|
WAS|BIG LAKE TWP|1-1|2|6|141|1|0|0|0|0|0|0|0|0|
WAS|BROOKTON TWP|1-1|2|6|141|1|0|0|0|0|0|0|0|0|
WAS|CALAIS|1-1|2|6|140|1|0|0|0|0|0|0|0|0|
WAS|CHARLOTTE|1-1|2|6|140|1|0|0|0|0|0|0|0|0|
WAS|CHERRYFIELD|1-1|2|6|138|3|0|0|0|0|0|0|0|0|
WAS|CODYVILLE PLT|1-1|2|6|141|1|0|0|0|0|0|0|0|0|
WAS|COLUMBIA|1-1|2|6|138|3|0|0|0|0|0|0|0|0|
WAS|COLUMBIA FALLS|1-1|2|6|138|3|0|0|0|1|0|0|0|1|
WAS|COOPER|1-1|2|6|141|1|1|0|0|0|0|0|0|1|
WAS|CRAWFORD|1-1|2|6|141|1|0|0|0|0|0|0|0|0|
WAS|CUTLER|1-1|2|6|139|2|0|0|0|0|0|0|0|0|
WAS|DANFORTH|1-1|2|6|141|1|0|0|0|0|0|0|0|0|
WAS|DEBLOIS|1-1|2|6|137|1|3|2|3|4|0|0|0|12|
WAS|DENNYSVILLE|1-1|2|6|141|2|0|0|0|0|0|0|0|0|
WAS|EAST MACHIAS|1-1|2|6|139|2|0|0|0|0|0|0|0|0|
WAS|EASTPORT|1-1|2|6|139|2|0|0|1|0|0|0|0|1|
WAS|EDMUNDS TWP|1-1|2|6|141|2|0|0|0|1|0|0|0|1|
WAS|GRAND LAKE STREAM PLT|1-1|2|6|141|1|0|0|0|0|0|0|0|0|
WAS|HARRINGTON|1-1|2|6|138|3|0|0|0|0|0|0|0|0|
WAS|INDIAN TOWNSHIP|1-1|2|6|140|1|0|0|0|0|0|0|0|0|
WAS|JONESBORO|1-1|2|6|138|3|0|0|0|0|0|0|0|0|
WAS|JONESPORT|1-1|2|6|138|3|0|0|0|0|0|0|0|0|
WAS|LUBEC|1-1|2|6|139|2|5|0|2|9|0|0|0|16|
WAS|MACHIAS|1-1|2|6|139|2|1|0|0|0|0|0|0|1|
WAS|MACHIASPORT|1-1|2|6|139|3|1|0|0|0|0|0|0|1|
WAS|MARSHFIELD|1-1|2|6|138|1|0|0|0|0|0|0|0|0|
WAS|MEDDYBEMPS|1-1|2|6|141|1|0|0|0|0|0|0|0|0|
WAS|MILBRIDGE|1-1|2|6|138|3|0|0|0|0|0|0|0|0|
WAS|NORTHFIELD|1-1|2|6|137|1|0|1|0|1|0|0|0|2|
WAS|PEMBROKE|1-1|2|6|140|2|0|0|0|0|0|0|0|0|
WAS|PERRY|1-1|2|6|140|2|0|0|0|0|0|0|0|0|
WAS|PLEASANT POINT VOTING DISTRICT|1-1|2|6|140|2|0|0|2|0|0|0|0|2|
WAS|PRINCETON|1-1|2|6|141|1|0|0|1|3|0|0|0|4|
WAS|PRINCETON|1-2|2|6|141|1|0|0|0|1|0|0|0|1|
WAS|ROBBINSTON|1-1|2|6|140|1|0|0|0|0|0|0|0|0|
WAS|ROQUE BLUFFS|1-1|2|6|139|3|0|0|0|0|0|0|0|0|
WAS|STEUBEN|1-1|2|6|136|3|0|0|0|0|0|0|0|0|
WAS|TALMADGE|1-1|2|6|141|1|0|0|0|0|0|0|0|0|
WAS|TOPSFIELD|1-1|2|6|141|1|0|0|0|0|0|0|0|0|
WAS|VANCEBORO|1-1|2|6|141|1|0|0|0|0|0|0|0|0|
WAS|WAITE|1-1|2|6|141|1|0|0|0|0|0|0|0|0|
WAS|WESLEY|1-1|2|6|137|1|0|0|2|0|0|0|0|2|
WAS|WHITING|1-1|2|6|139|2|0|0|0|0|0|0|0|0|
WAS|WHITNEYVILLE|1-1|2|6|138|1|0|0|0|0|0|0|0|0|
YOR|ACTON|1-1|1|34|20|1|0|0|0|0|0|0|0|0|
YOR|ALFRED|1-1|1|32|21|4|0|0|0|0|0|0|0|0|
YOR|ALFRED|1-2|1|32|21|4|0|0|0|0|0|0|0|0|
YOR|ARUNDEL|1-1|1|32|10|2|1|0|0|1|0|0|0|2|
YOR|BERWICK|1-1|1|34|5|1|0|0|0|0|0|0|0|0|
YOR|BERWICK|1-1|1|35|5|1|0|0|0|0|0|0|0|0|
YOR|BIDDEFORD|1-1|1|32|11|2|0|0|0|0|0|0|0|0|
YOR|BIDDEFORD|1-1|1|32|9|2|77|20|26|115|0|0|0|238|
YOR|BIDDEFORD|2-1|1|32|11|2|0|0|1|0|0|0|0|1|
YOR|BIDDEFORD|2-1|1|32|12|2|5|0|1|2|0|1|0|9|
YOR|BIDDEFORD|3-1|1|32|11|2|3|0|0|0|0|0|0|3|
YOR|BIDDEFORD|3-1|1|32|12|2|1|0|0|1|0|0|0|2|
YOR|BIDDEFORD|3-1|1|32|9|2|1|0|0|0|0|0|0|1|
YOR|BIDDEFORD|4-1|1|32|11|2|3|1|0|1|0|0|0|5|
YOR|BIDDEFORD|4-1|1|32|12|2|3|0|0|1|0|0|0|4|
YOR|BIDDEFORD|5-1|1|32|11|2|1|0|0|1|0|0|0|2|
YOR|BIDDEFORD|5-1|1|32|12|2|8|1|0|4|0|0|0|13|
YOR|BIDDEFORD|6-1|1|32|11|2|7|0|2|1|0|0|0|10|
YOR|BIDDEFORD|7-1|1|32|11|2|2|0|0|0|0|0|0|2|
YOR|BUXTON|1-1|1|30|16|3|0|0|0|0|0|0|0|0|
YOR|BUXTON|1-1|1|30|22|3|0|0|0|0|0|0|0|0|
YOR|BUXTON|1-1|1|31|16|3|0|0|0|0|0|0|0|0|
YOR|CORNISH|1-1|1|33|68|1|0|0|0|0|0|0|0|0|
YOR|DAYTON|1-1|1|32|10|3|0|0|0|0|0|0|0|0|
YOR|ELIOT|1-1|1|35|2|5|0|0|0|0|0|0|0|0|
YOR|HOLLIS|1-1|1|31|16|3|0|0|0|0|0|0|0|0|
YOR|KENNEBUNK|1-1|1|34|8|2|0|0|0|0|0|0|0|0|
YOR|KENNEBUNK|1-2|1|34|8|2|0|0|0|1|0|0|0|1|
YOR|KENNEBUNK|1-2|1|34|9|2|0|0|0|0|0|0|0|0|
YOR|KENNEBUNKPORT|1-1|1|32|9|2|0|0|0|0|0|0|0|0|
YOR|KITTERY|1-1|1|35|1|5|0|0|0|0|0|0|0|0|
YOR|KITTERY|1-1|1|35|2|5|0|0|0|0|0|0|0|0|
YOR|LEBANON|1-1|1|34|20|1|0|0|0|0|0|0|0|0|
YOR|LIMERICK|1-1|1|33|21|1|0|0|0|0|0|0|0|0|
YOR|LIMERICK|1-1|1|33|22|1|0|0|0|0|0|0|0|0|
YOR|LIMINGTON|1-1|1|31|22|1|0|0|0|0|0|0|0|0|
YOR|LYMAN|1-1|1|32|10|4|2|0|3|4|0|0|0|9|
YOR|LYMAN|1-1|1|32|17|4|1|0|0|2|0|0|0|3|
YOR|NEWFIELD|1-1|1|33|21|1|0|0|0|0|0|0|0|0|
YOR|NORTH BERWICK|1-1|1|34|5|1|0|0|0|0|0|0|0|0|
YOR|NORTH BERWICK|1-1|1|34|6|1|0|0|0|1|0|0|0|1|
YOR|OGUNQUIT|1-1|1|35|4|5|21|1|13|18|0|0|0|53|
YOR|OLD ORCHARD BEACH|1-1|1|31|13|3|6|0|2|11|0|0|0|19|
YOR|PARSONSFIELD|1-1|1|33|21|1|0|0|0|0|0|0|0|0|
YOR|PARSONSFIELD|1-1|1|33|68|1|0|0|0|0|0|0|0|0|
YOR|SACO|1-1|1|31|15|3|3|0|5|5|0|0|0|13|
YOR|SACO|1-1|1|31|16|3|0|0|0|1|0|0|0|1|
YOR|SACO|2-1|1|31|15|3|4|0|0|0|0|0|0|4|
YOR|SACO|2-1|1|31|16|3|0|1|0|1|0|0|0|2|
YOR|SACO|3-1|1|31|14|3|2|0|3|3|0|0|0|8|
YOR|SACO|3-1|1|31|15|3|8|1|6|14|0|0|0|29|
YOR|SACO|4-1|1|31|14|3|11|2|2|18|0|0|0|33|
YOR|SACO|5-1|1|31|14|3|5|0|3|3|0|0|0|11|
YOR|SACO|5-1|1|31|15|3|2|0|3|4|0|1|0|10|
YOR|SACO|6-1|1|31|14|3|16|3|13|21|0|0|0|53|
YOR|SACO|6-1|1|31|15|3|0|0|0|0|0|0|0|0|
YOR|SACO|7-1|1|31|14|3|15|2|9|15|0|1|0|42|
YOR|SACO|7-1|1|31|15|3|1|0|1|1|0|0|0|3|
YOR|SANFORD|1-1|1|33|18|4|1|0|0|0|0|0|0|1|
YOR|SANFORD|1-1|1|33|19|4|0|0|0|0|0|0|0|0|
YOR|SANFORD|2-1|1|33|18|4|0|0|0|0|0|1|0|1|
YOR|SANFORD|3-1|1|33|19|4|0|0|0|0|0|0|0|0|
YOR|SANFORD|3-1|1|33|4|4|0|0|0|0|0|0|0|0|
YOR|SHAPLEIGH|1-1|1|33|20|4|0|0|0|0|0|0|0|0|
YOR|SHAPLEIGH|1-1|1|33|21|4|1|0|3|2|0|0|0|6|
YOR|SOUTH BERWICK|1-1|1|35|2|1|0|0|0|0|0|0|0|0|
YOR|SOUTH BERWICK|1-1|1|35|6|1|1|0|0|0|0|0|0|1|
YOR|WATERBORO|1-1|1|33|17|4|0|0|0|0|0|0|0|0|
YOR|WATERBORO|2-1|1|33|17|4|0|0|0|0|0|0|0|0|
YOR|WELLS|1-1|1|34|4|5|0|0|0|0|0|0|0|0|
YOR|WELLS|1-1|1|34|7|5|0|0|0|1|0|0|0|1|
YOR|YORK|1-1|1|35|3|5|0|0|0|0|0|0|0|0|
YOR|YORK|1-1|1|35|4|5|0|0|0|0|0|0|0|0|
