COUNTY|MUNICIPALITY|W/P|CG|SS|SR|CC|D|G|R|U|AL|L|S|TOTAL|
AND|AUBURN|1-1|2|20|62|5|617|130|394|618|0|0|0|1759|
AND|AUBURN|1-1|2|20|64|5|126|18|124|146|0|0|0|414|
AND|AUBURN|1-1|2|20|64|6|327|40|322|377|0|0|0|1066|
AND|AUBURN|2-1|2|20|62|5|202|37|118|260|0|0|0|617|
AND|AUBURN|2-1|2|20|64|5|618|87|400|645|0|0|0|1750|
AND|AUBURN|2-1|2|20|64|6|333|29|286|387|0|0|0|1035|
AND|AUBURN|3-1|2|20|62|5|215|41|114|257|0|0|0|627|
AND|AUBURN|3-1|2|20|63|5|278|28|279|314|0|0|0|899|
AND|AUBURN|3-1|2|20|63|6|401|42|374|517|0|0|0|1334|
AND|AUBURN|3-1|2|20|64|6|96|11|90|121|0|1|0|319|
AND|AUBURN|4-1|2|20|62|5|280|48|128|280|0|1|0|737|
AND|AUBURN|4-1|2|20|63|5|191|30|143|242|0|0|0|606|
AND|AUBURN|4-1|2|20|63|6|407|59|452|489|0|0|0|1407|
AND|AUBURN|5-1|2|20|62|5|377|67|196|485|0|0|0|1125|
AND|AUBURN|5-1|2|20|63|5|446|73|327|534|0|0|0|1380|
AND|AUBURN|5-1|2|20|63|6|158|36|184|323|0|0|0|701|
AND|DURHAM|1-1|2|22|46|3|899|201|1020|1364|0|0|0|3484|
AND|GREENE|1-1|2|22|57|3|866|204|1023|1245|0|0|0|3338|
AND|LEEDS|1-1|2|22|75|7|480|110|498|656|0|0|0|1744|
AND|LEWISTON|1-1|2|21|59|2|799|91|376|579|0|0|0|1845|
AND|LEWISTON|1-1|2|21|60|2|1457|126|322|1006|0|0|0|2911|
AND|LEWISTON|2-1|2|21|59|2|1539|170|956|1220|0|1|0|3886|
AND|LEWISTON|3-1|2|21|59|2|648|40|112|344|0|0|0|1144|
AND|LEWISTON|3-1|2|21|60|1|1673|234|417|1522|0|0|0|3846|
AND|LEWISTON|4-1|2|21|58|1|170|22|116|111|0|0|0|419|
AND|LEWISTON|4-1|2|21|58|2|388|57|185|346|0|0|0|976|
AND|LEWISTON|4-1|2|21|58|3|416|54|269|375|0|0|0|1114|
AND|LEWISTON|4-1|2|21|59|2|342|60|201|287|0|0|0|890|
AND|LEWISTON|5-1|2|21|60|2|278|49|150|259|0|0|0|736|
AND|LEWISTON|5-1|2|21|61|1|912|120|183|870|0|1|0|2086|
AND|LEWISTON|6-1|2|21|58|3|1087|165|882|934|0|1|0|3069|
AND|LEWISTON|6-1|2|21|61|1|216|28|100|151|0|0|0|495|
AND|LEWISTON|6-1|2|21|61|3|103|11|57|67|0|0|0|238|
AND|LEWISTON|7-1|2|21|58|1|341|51|212|264|0|0|0|868|
AND|LEWISTON|7-1|2|21|61|1|921|137|540|950|0|0|0|2548|
AND|LISBON|1-1|2|22|56|4|867|108|1033|1311|0|0|0|3319|
AND|LISBON|2-1|2|22|56|4|868|114|1009|1359|0|1|0|3351|
AND|LIVERMORE|1-1|2|18|74|7|338|43|300|300|0|0|0|981|
AND|LIVERMORE|1-1|2|18|75|7|244|48|303|307|0|0|0|902|
AND|LIVERMORE FALLS|1-1|2|18|74|7|600|111|419|780|0|0|0|1910|
AND|MECHANIC FALLS|1-1|2|20|72|6|528|106|587|853|0|0|0|2074|
AND|MINOT|1-1|2|20|64|7|477|127|689|780|0|1|0|2074|
AND|POLAND|1-1|2|20|65|6|647|137|742|944|0|2|0|2472|
AND|POLAND|1-1|2|20|66|6|493|122|585|742|0|0|0|1942|
AND|SABATTUS|1-1|2|22|57|4|1092|204|1075|1499|0|0|0|3870|
AND|TURNER|1-1|2|22|75|7|1049|126|1511|1668|0|0|0|4354|
AND|WALES|1-1|2|22|82|4|202|66|369|431|0|0|0|1068|
ARO|ALLAGASH|1-1|2|1|151|3|99|5|63|89|0|0|0|256|
ARO|AMITY|1-1|2|2|144|1|29|2|62|63|0|0|0|156|
ARO|ASHLAND|1-1|2|1|151|2|253|6|213|410|0|0|0|882|
ARO|BENEDICTA TWP|1-1|2|2|144|1|26|3|46|70|0|0|0|145|
ARO|BLAINE|1-1|2|2|146|1|97|19|249|175|0|0|0|540|
ARO|BRIDGEWATER|1-1|2|2|145|1|84|22|161|117|0|0|0|384|
ARO|CARIBOU|1-1|2|1|149|2|1600|206|1733|2014|0|3|0|5556|
ARO|CARY PLT|1-1|2|2|144|1|13|18|84|25|0|0|0|140|
ARO|CASTLE HILL|1-1|2|1|146|2|61|17|123|109|0|0|0|310|
ARO|CASWELL|1-1|2|1|148|3|92|11|43|61|0|0|0|207|
ARO|CHAPMAN|1-1|2|2|146|2|90|14|113|125|0|0|0|342|
ARO|CONNOR TWP|1-1|2|1|148|3|84|15|68|132|0|0|0|299|
ARO|CROSS LAKE TWP (T17 R5)|1-1|2|1|150|3|55|15|47|22|0|0|0|139|
ARO|CRYSTAL|1-1|2|2|145|1|29|10|84|69|0|0|0|192|
ARO|CYR PLT|1-1|2|1|148|3|27|6|24|10|0|0|0|67|
ARO|DYER BROOK|1-1|2|2|145|1|36|9|79|65|0|0|0|189|
ARO|EAGLE LAKE|1-1|2|1|151|3|322|20|111|211|0|0|0|664|
ARO|EASTON|1-1|2|2|148|1|234|35|359|286|0|0|0|914|
ARO|FORT FAIRFIELD|1-1|2|2|148|1|780|104|679|785|0|0|0|2348|
ARO|FORT KENT|1-1|2|1|151|3|28|3|16|14|0|0|0|61|
ARO|FORT KENT|1-2|2|1|151|3|81|3|43|56|0|0|0|183|
ARO|FORT KENT|1-3|2|1|151|3|139|6|87|107|0|0|0|339|
ARO|FORT KENT|1-4|2|1|151|3|1191|47|466|739|0|0|0|2443|
ARO|FORT KENT|2-1|2|1|151|2|5|0|1|1|0|0|0|7|
ARO|FRENCHVILLE|1-1|2|1|150|3|423|42|116|229|0|0|0|810|
ARO|GARFIELD PLT|1-1|2|1|151|2|9|2|31|21|0|0|0|63|
ARO|GLENWOOD PLT|1-1|2|2|144|1|4|0|0|2|0|0|0|6|
ARO|GRAND ISLE|1-1|2|1|150|3|201|18|37|73|0|0|0|329|
ARO|HAMLIN|1-1|2|1|148|3|57|1|29|40|0|0|0|127|
ARO|HAMMOND|1-1|2|2|145|1|9|1|24|32|0|0|0|66|
ARO|HAYNESVILLE|1-1|2|2|144|1|26|3|23|48|0|0|0|100|
ARO|HERSEY|1-1|2|2|145|1|6|1|29|21|0|0|0|57|
ARO|HODGDON|1-1|2|2|144|1|171|28|404|330|0|0|0|933|
ARO|HOULTON|1-1|2|2|144|1|814|142|1298|1389|0|0|0|3643|
ARO|ISLAND FALLS|1-1|2|2|145|1|145|18|204|184|0|0|0|551|
ARO|LIMESTONE|1-1|2|1|148|3|571|72|400|794|0|1|0|1838|
ARO|LINNEUS|1-1|2|2|145|1|87|17|268|313|0|0|0|685|
ARO|LITTLETON|1-1|2|2|145|1|110|10|240|268|0|0|0|628|
ARO|LUDLOW|1-1|2|2|145|1|50|14|108|151|0|0|0|323|
ARO|MACWAHOC PLT|1-1|2|2|144|1|20|9|14|9|0|0|0|52|
ARO|MADAWASKA|1-1|2|1|150|3|1703|98|450|790|0|0|0|3041|
ARO|MADAWASKA LAKE|1-1|2|1|150|3|38|4|54|26|0|0|0|122|
ARO|MAPLETON|1-1|2|1|146|2|98|28|125|123|0|0|0|374|
ARO|MAPLETON|1-2|2|1|146|2|32|7|91|62|0|0|0|192|
ARO|MAPLETON|1-3|2|1|146|2|181|48|370|239|0|0|0|838|
ARO|MARS HILL|1-1|2|2|146|1|180|24|434|354|0|0|0|992|
ARO|MASARDIS|1-1|2|1|151|2|37|9|53|73|0|0|0|172|
ARO|MERRILL|1-1|2|2|145|1|34|5|49|58|0|0|0|146|
ARO|MONTICELLO|1-1|2|2|145|1|108|14|232|235|0|0|0|589|
ARO|MORO PLT|1-1|2|2|145|1|3|2|18|18|0|0|0|41|
ARO|NASHVILLE PLT|1-1|2|1|151|3|12|1|6|11|0|0|0|30|
ARO|NEW CANADA|1-1|2|1|151|3|88|8|43|56|0|0|0|195|
ARO|NEW LIMERICK|1-1|2|2|145|1|77|5|209|134|0|0|0|425|
ARO|NEW SWEDEN|1-1|2|1|149|3|111|12|166|209|0|1|0|499|
ARO|OAKFIELD|1-1|2|2|145|1|123|25|188|232|0|0|0|568|
ARO|ORIENT|1-1|2|2|144|1|21|1|39|50|0|0|0|111|
ARO|OXBOW NORTH TWP|1-1|2|1|151|1|9|1|28|13|0|0|0|51|
ARO|PERHAM|1-1|2|1|146|3|73|21|122|110|0|0|0|326|
ARO|PORTAGE LAKE|1-1|2|1|151|3|96|14|90|102|0|0|0|302|
ARO|PRESQUE ISLE|1-10|2|2|147|2|176|25|202|188|0|0|0|591|
ARO|PRESQUE ISLE|1-11|2|2|147|2|125|18|113|167|0|0|0|423|
ARO|PRESQUE ISLE|1-12|2|2|147|2|207|33|145|219|0|0|0|604|
ARO|PRESQUE ISLE|1-13|2|2|147|2|133|16|126|182|0|0|0|457|
ARO|PRESQUE ISLE|1-14|2|2|147|2|68|13|61|104|0|0|0|246|
ARO|PRESQUE ISLE|1-15|2|2|147|2|76|12|68|126|0|0|0|282|
ARO|PRESQUE ISLE|1-16|2|2|147|2|123|27|111|147|0|0|0|408|
ARO|PRESQUE ISLE|1-3|2|2|147|2|10|5|21|18|0|0|0|54|
ARO|PRESQUE ISLE|1-4|2|2|147|2|1|0|0|0|0|0|0|1|
ARO|PRESQUE ISLE|1-4|2|2|148|2|15|3|41|24|0|0|0|83|
ARO|PRESQUE ISLE|1-5|2|2|147|2|62|5|115|63|0|0|0|245|
ARO|PRESQUE ISLE|1-5|2|2|148|2|83|7|159|125|0|1|0|375|
ARO|PRESQUE ISLE|1-6|2|2|147|2|112|16|148|149|0|0|0|425|
ARO|PRESQUE ISLE|1-7|2|2|147|2|133|18|151|143|0|0|0|445|
ARO|PRESQUE ISLE|1-8|2|2|147|2|232|32|316|281|0|0|0|861|
ARO|PRESQUE ISLE|1-9|2|2|147|2|130|20|128|169|0|0|0|447|
ARO|PRESQUE ISLE|2-17|2|2|147|2|124|27|84|174|0|0|0|409|
ARO|PRESQUE ISLE|2-4|2|2|147|2|30|4|85|55|0|0|0|174|
ARO|PRESQUE ISLE|2-4|2|2|148|2|5|1|6|6|0|0|0|18|
ARO|PRESQUE ISLE|2-5|2|2|147|2|54|10|49|68|0|0|0|181|
ARO|REED PLT|1-1|2|2|144|1|18|6|42|48|0|0|0|114|
ARO|SAINT AGATHA|1-1|2|1|150|3|351|38|112|168|0|0|0|669|
ARO|SAINT FRANCIS|1-1|2|1|151|3|188|14|54|107|0|0|0|363|
ARO|SAINT JOHN PLT|1-1|2|1|151|3|120|5|29|78|0|0|0|232|
ARO|SHERMAN|1-1|2|2|145|1|83|22|263|236|0|0|0|604|
ARO|SILVER RIDGE TWP|1-1|2|2|144|1|6|3|31|24|0|0|0|64|
ARO|SINCLAIR|1-1|2|1|150|3|114|22|39|63|0|0|0|238|
ARO|SMYRNA|1-1|2|2|145|1|51|3|53|88|0|0|0|195|
ARO|STOCKHOLM|1-1|2|1|148|3|89|9|69|62|0|0|0|229|
ARO|VAN BUREN|1-1|2|1|150|3|710|46|187|424|0|0|0|1367|
ARO|WADE|1-1|2|1|146|3|53|13|84|63|0|0|0|213|
ARO|WALLAGRASS|1-1|2|1|151|3|193|12|53|126|0|0|0|384|
ARO|WASHBURN|1-1|2|1|146|2|273|23|395|338|0|0|0|1029|
ARO|WESTFIELD|1-1|2|2|146|2|101|26|142|153|0|0|0|422|
ARO|WESTMANLAND|1-1|2|1|149|3|10|6|25|20|0|0|0|61|
ARO|WESTON|1-1|2|2|144|1|57|9|91|90|0|0|0|247|
ARO|WINTERVILLE PLT|1-1|2|1|151|3|80|18|39|57|0|0|0|194|
ARO|WOODLAND|1-1|2|1|146|3|214|37|353|331|0|0|0|935|
CUM|BALDWIN|1-1|1|26|68|1|267|66|521|455|0|0|0|1309|
CUM|BRIDGTON|1-1|1|19|69|1|1229|273|1401|1569|0|1|0|4473|
CUM|BRUNSWICK|1-1|1|24|50|3|42|3|53|48|0|0|0|146|
CUM|BRUNSWICK|1-1|1|24|51|3|248|34|246|282|0|0|0|810|
CUM|BRUNSWICK|1-2|1|24|50|3|156|15|112|155|0|0|0|438|
CUM|BRUNSWICK|1-2|1|24|51|3|206|38|186|245|0|0|0|675|
CUM|BRUNSWICK|2-1|1|24|49|3|112|2|50|70|0|0|0|234|
CUM|BRUNSWICK|2-1|1|24|50|3|143|9|45|92|0|0|0|289|
CUM|BRUNSWICK|2-2|1|24|50|3|1200|52|409|728|0|0|0|2389|
CUM|BRUNSWICK|3-1|1|24|49|3|536|54|349|526|0|0|0|1465|
CUM|BRUNSWICK|3-2|1|24|49|3|432|38|231|393|0|0|0|1094|
CUM|BRUNSWICK|4-1|1|24|49|3|328|36|238|325|0|0|0|927|
CUM|BRUNSWICK|4-2|1|24|49|3|600|54|314|500|0|0|0|1468|
CUM|BRUNSWICK|5-1|1|24|50|3|136|14|83|107|0|0|0|340|
CUM|BRUNSWICK|5-2|1|24|50|3|896|98|518|809|0|0|0|2321|
CUM|BRUNSWICK|6-1|1|24|49|3|0|0|0|0|0|0|0|0|
CUM|BRUNSWICK|6-1|1|24|50|3|0|0|0|1|0|0|0|1|
CUM|BRUNSWICK|6-2|1|24|49|3|561|70|186|452|0|0|0|1269|
CUM|BRUNSWICK|6-2|1|24|50|3|865|53|192|527|0|0|0|1637|
CUM|BRUNSWICK|7-1|1|24|49|3|0|0|0|0|0|0|0|0|
CUM|BRUNSWICK|7-1|1|24|50|3|0|0|0|0|0|0|0|0|
CUM|BRUNSWICK|7-2|1|24|49|3|884|61|393|494|0|1|0|1833|
CUM|BRUNSWICK|7-2|1|24|50|3|1081|58|117|503|0|0|0|1759|
CUM|CAPE ELIZABETH|1-1|1|29|30|4|3644|148|1830|2221|0|0|0|7843|
CUM|CAPE ELIZABETH|1-1|1|29|32|4|191|9|87|119|0|0|0|406|
CUM|CASCO|1-1|1|26|66|2|651|138|707|947|0|0|0|2443|
CUM|CASCO|1-1|1|26|67|2|171|28|220|234|0|0|0|653|
CUM|CHEBEAGUE ISLAND|1-1|1|25|47|3|170|16|85|107|0|0|0|378|
CUM|CUMBERLAND|1-1|1|25|45|3|2460|177|2149|2225|0|1|0|7012|
CUM|FALMOUTH|1-1|1|25|43|2|829|38|580|647|0|1|0|2095|
CUM|FALMOUTH|1-1|1|25|44|2|2817|144|2204|2053|1|0|0|7219|
CUM|FREEPORT|1-1|1|24|48|3|784|56|336|587|0|0|0|1763|
CUM|FREEPORT|2-1|1|24|48|3|778|51|373|573|0|0|0|1775|
CUM|FREEPORT|3-1|1|24|48|3|801|38|390|552|0|0|0|1781|
CUM|FREEPORT|4-1|1|24|48|3|680|60|401|632|0|0|0|1773|
CUM|FRYE ISLAND|1-1|1|26|67|2|31|16|48|63|0|0|0|158|
CUM|GORHAM|1-1|1|30|27|1|1361|161|1169|1060|0|1|0|3752|
CUM|GORHAM|1-2|1|30|27|1|875|135|974|982|0|0|0|2966|
CUM|GORHAM|2-1|1|30|26|1|2356|385|2041|2543|0|0|0|7325|
CUM|GRAY|1-1|1|25|45|2|281|49|276|407|0|0|0|1013|
CUM|GRAY|1-1|1|25|67|2|1427|208|1675|2172|0|1|0|5483|
CUM|HARPSWELL|1-1|1|24|51|3|666|64|450|561|0|0|0|1741|
CUM|HARPSWELL|2-1|1|24|51|3|562|41|427|544|0|0|0|1574|
CUM|HARPSWELL|3-1|1|24|51|3|289|29|257|251|0|0|0|826|
CUM|HARRISON|1-1|1|19|69|2|465|93|611|677|0|0|0|1846|
CUM|LONG ISLAND|1-1|1|25|47|3|89|8|53|59|0|0|0|209|
CUM|NAPLES|1-1|1|19|68|2|795|183|1090|1188|0|0|0|3256|
CUM|NEW GLOUCESTER|1-1|1|20|65|2|1077|279|1289|1578|0|0|0|4223|
CUM|NORTH YARMOUTH|1-1|1|24|46|3|1210|140|984|1091|0|0|0|3425|
CUM|PORTLAND|1-1|1|27|39|5|3086|260|417|1497|0|1|0|5261|
CUM|PORTLAND|1-2|1|27|38|5|306|39|54|175|0|0|0|574|
CUM|PORTLAND|1-2|1|27|39|5|1284|137|212|965|0|0|0|2598|
CUM|PORTLAND|1-2|1|27|40|5|1433|234|278|1239|0|0|0|3184|
CUM|PORTLAND|1-3|1|27|39|5|608|30|89|246|0|0|0|973|
CUM|PORTLAND|1-45|1|27|39|5|78|8|40|52|0|0|0|178|
CUM|PORTLAND|2-1|1|27|38|5|4008|388|449|2084|0|0|1|6930|
CUM|PORTLAND|2-2|1|27|38|5|717|80|114|397|0|0|0|1308|
CUM|PORTLAND|2-2|1|27|40|5|2319|288|304|1366|0|2|0|4279|
CUM|PORTLAND|3-1|1|27|37|5|112|19|26|96|0|0|0|253|
CUM|PORTLAND|3-1|1|27|40|5|166|19|28|91|0|0|0|304|
CUM|PORTLAND|3-1|1|27|41|5|980|81|145|420|0|0|1|1627|
CUM|PORTLAND|3-1|1|27|42|5|134|16|19|67|0|0|0|236|
CUM|PORTLAND|3-1|1|28|36|5|34|0|17|14|0|0|0|65|
CUM|PORTLAND|3-1|1|28|37|5|1101|105|338|679|0|0|0|2223|
CUM|PORTLAND|3-1|1|28|41|5|855|83|169|426|0|0|0|1533|
CUM|PORTLAND|3-2|1|28|37|5|2060|141|613|1122|0|1|0|3937|
CUM|PORTLAND|3-2|1|28|41|5|677|38|115|381|0|0|0|1211|
CUM|PORTLAND|4-1|1|27|36|5|232|7|70|119|0|0|0|428|
CUM|PORTLAND|4-1|1|27|42|5|2483|224|627|1481|0|0|0|4815|
CUM|PORTLAND|4-1|1|28|36|5|129|19|37|105|0|0|0|290|
CUM|PORTLAND|4-1|1|28|41|5|800|67|156|355|0|0|0|1378|
CUM|PORTLAND|4-2|1|27|36|4|33|4|12|15|0|0|0|64|
CUM|PORTLAND|4-2|1|27|36|5|608|54|200|432|0|0|0|1294|
CUM|PORTLAND|4-2|1|27|42|4|210|13|78|130|0|0|0|431|
CUM|PORTLAND|4-2|1|27|42|5|907|52|359|539|0|0|0|1857|
CUM|PORTLAND|4-2|1|27|43|4|201|19|92|144|0|0|0|456|
CUM|PORTLAND|4-2|1|28|36|5|109|4|46|33|0|0|0|192|
CUM|PORTLAND|5-1|1|28|36|5|1057|67|292|811|0|0|0|2227|
CUM|PORTLAND|5-1|1|28|37|5|120|11|49|79|0|0|0|259|
CUM|PORTLAND|5-1|1|28|41|5|916|63|141|466|0|1|0|1587|
CUM|PORTLAND|5-2|1|28|36|4|19|2|9|18|0|0|0|48|
CUM|PORTLAND|5-2|1|28|36|5|710|65|258|555|0|0|0|1588|
CUM|PORTLAND|5-2|1|28|43|4|2188|178|1074|1562|0|0|0|5002|
CUM|POWNAL|1-1|1|24|46|3|266|47|259|327|0|0|0|899|
CUM|POWNAL|1-1|1|24|48|3|172|21|143|193|0|1|0|530|
CUM|RAYMOND|1-1|1|26|66|2|836|129|873|1047|0|0|0|2885|
CUM|RAYMOND|1-1|1|26|67|2|275|46|366|340|0|1|0|1028|
CUM|SCARBOROUGH|1-1|1|29|28|1|230|17|154|241|0|0|0|642|
CUM|SCARBOROUGH|1-1|1|29|29|1|705|55|521|596|0|0|0|1877|
CUM|SCARBOROUGH|1-1|1|30|27|1|290|29|303|358|0|0|0|980|
CUM|SCARBOROUGH|1-1|1|30|28|1|2201|208|2286|2600|0|0|0|7295|
CUM|SCARBOROUGH|1-1|1|30|29|1|2203|159|1746|2268|0|0|0|6376|
CUM|SEBAGO|1-1|1|19|68|1|437|79|521|583|0|0|0|1620|
CUM|SOUTH PORTLAND|1-1|1|29|31|4|2301|177|626|1409|0|0|0|4513|
CUM|SOUTH PORTLAND|2-1|1|29|31|4|1660|134|529|1013|0|0|0|3336|
CUM|SOUTH PORTLAND|2-1|1|29|32|4|638|41|234|365|0|1|0|1279|
CUM|SOUTH PORTLAND|3-1|1|29|32|4|1106|118|438|781|0|1|1|2445|
CUM|SOUTH PORTLAND|3-1|1|29|33|4|753|75|293|600|0|1|0|1722|
CUM|SOUTH PORTLAND|4-1|1|29|32|4|1118|135|624|993|0|0|0|2870|
CUM|SOUTH PORTLAND|4-1|1|29|33|4|460|56|211|357|0|0|0|1084|
CUM|SOUTH PORTLAND|5-1|1|29|33|4|1399|161|629|1096|0|1|0|3286|
CUM|STANDISH|1-1|1|26|22|1|158|38|179|182|0|0|0|557|
CUM|STANDISH|1-1|1|26|23|1|1934|440|2275|2453|0|0|0|7102|
CUM|WESTBROOK|1-1|1|25|35|4|309|45|224|269|0|0|0|847|
CUM|WESTBROOK|1-1|1|28|34|4|599|62|285|457|0|0|0|1403|
CUM|WESTBROOK|1-1|1|28|35|4|200|24|132|196|0|0|0|552|
CUM|WESTBROOK|2-1|1|28|34|4|1152|131|553|922|0|0|0|2758|
CUM|WESTBROOK|3-1|1|28|34|4|1008|123|570|978|0|0|0|2679|
CUM|WESTBROOK|4-1|1|25|35|4|222|20|164|188|0|0|0|594|
CUM|WESTBROOK|4-1|1|28|35|4|890|98|309|702|0|0|0|1999|
CUM|WESTBROOK|5-1|1|25|35|4|890|86|584|685|0|1|0|2246|
CUM|WESTBROOK|5-1|1|28|35|4|254|20|146|194|0|0|0|614|
CUM|WINDHAM|1-1|1|26|24|2|1982|289|1943|2725|0|0|0|6939|
CUM|WINDHAM|1-1|1|26|25|2|1848|241|1839|2316|0|2|0|6246|
CUM|YARMOUTH|1-1|1|25|47|3|3201|287|1927|2327|0|0|0|7742|
FRA|AVON|1-1|2|17|112|3|90|16|106|150|0|0|0|362|
FRA|CARRABASSETT VALLEY|1-1|2|17|112|3|209|33|203|232|0|0|0|677|
FRA|CARTHAGE|1-1|2|17|112|1|111|16|112|178|0|0|0|417|
FRA|CHESTERVILLE|1-1|2|17|114|2|272|70|285|387|0|0|0|1014|
FRA|COPLIN PLT|1-1|2|17|117|3|35|8|46|41|0|0|0|130|
FRA|DALLAS PLT|1-1|2|17|117|3|60|10|82|92|0|0|0|244|
FRA|EUSTIS|1-1|2|17|117|3|146|35|209|265|0|0|0|655|
FRA|FARMINGTON|1-1|2|17|113|2|1951|372|1959|2282|0|0|0|6564|
FRA|INDUSTRY|1-1|2|17|114|3|170|29|202|276|0|0|0|677|
FRA|JAY|1-1|2|17|74|1|1221|107|845|1132|0|0|0|3305|
FRA|KINGFIELD|1-1|2|17|112|3|200|67|427|358|0|0|0|1052|
FRA|NEW SHARON|1-1|2|17|113|2|295|73|431|457|0|2|0|1258|
FRA|NEW VINEYARD|1-1|2|17|114|3|150|36|239|204|0|0|0|629|
FRA|PHILLIPS|1-1|2|17|112|3|223|45|290|414|0|0|0|972|
FRA|RANGELEY|1-1|2|17|117|3|244|75|418|437|0|0|0|1174|
FRA|RANGELEY PLT|1-1|2|17|117|3|46|10|78|61|0|0|0|195|
FRA|SANDY RIVER PLT|1-1|2|17|112|3|41|8|41|39|0|0|0|129|
FRA|STRONG|1-1|2|17|114|3|249|36|443|318|0|1|0|1047|
FRA|TEMPLE|1-1|2|17|114|1|158|26|132|157|0|0|0|473|
FRA|WELD|1-1|2|17|112|3|107|17|117|122|0|0|0|363|
FRA|WILTON|1-1|2|17|114|1|790|88|929|1091|0|1|0|2899|
HAN|AMHERST|1-1|2|7|137|1|49|6|79|81|0|0|0|215|
HAN|AURORA|1-1|2|7|137|1|14|4|41|31|0|0|0|90|
HAN|BAR HARBOR|1-1|2|7|135|3|2119|176|836|1447|0|1|0|4579|
HAN|BLUE HILL|1-1|2|7|133|1|1103|102|611|704|0|0|1|2521|
HAN|BROOKLIN|1-1|2|7|133|2|299|44|178|224|0|0|0|745|
HAN|BROOKSVILLE|1-1|2|7|133|2|335|46|208|235|0|0|0|824|
HAN|BUCKSPORT|1-1|2|8|130|2|1080|64|1177|1581|0|1|0|3903|
HAN|CASTINE|1-1|2|8|133|2|333|42|310|367|0|0|0|1052|
HAN|CRANBERRY ISLES|1-1|2|7|134|3|25|6|23|24|0|0|0|78|
HAN|CRANBERRY ISLES|2-1|2|7|134|3|43|4|15|41|0|0|0|103|
HAN|DEDHAM|1-1|2|8|131|2|368|53|495|493|0|1|0|1410|
HAN|DEER ISLE|1-1|2|7|134|2|623|59|385|652|0|0|0|1719|
HAN|EASTBROOK|1-1|2|7|137|1|68|14|127|135|0|0|0|344|
HAN|ELLSWORTH|1-1|2|7|132|1|667|89|833|744|0|0|0|2333|
HAN|ELLSWORTH|2-1|2|7|132|1|270|50|330|345|0|0|0|995|
HAN|ELLSWORTH|3-1|2|7|132|1|197|38|357|313|0|0|0|905|
HAN|ELLSWORTH|4-1|2|7|132|1|535|67|729|621|0|0|0|1952|
HAN|FRANKLIN|1-1|2|7|137|3|297|40|410|366|0|0|0|1113|
HAN|FRENCHBORO|1-1|2|7|134|3|13|3|11|19|0|0|0|46|
HAN|GOULDSBORO|1-1|2|6|136|1|411|69|565|542|0|0|0|1587|
HAN|GREAT POND|1-1|2|8|137|1|9|2|16|16|0|0|0|43|
HAN|HANCOCK|1-1|2|7|136|3|462|72|695|656|0|0|0|1885|
HAN|LAMOINE|1-1|2|7|135|3|441|65|550|454|0|0|0|1510|
HAN|MARIAVILLE|1-1|2|7|136|1|78|13|133|159|0|0|0|383|
HAN|MOUNT DESERT|1-1|2|7|135|3|550|47|267|341|0|0|0|1205|
HAN|MOUNT DESERT|1-2|2|7|135|3|240|22|191|232|0|0|0|685|
HAN|ORLAND|1-1|2|8|131|2|500|76|485|611|0|0|0|1672|
HAN|OSBORN|1-1|2|7|136|1|10|0|29|10|0|0|0|49|
HAN|OTIS|1-1|2|7|131|1|138|31|251|203|0|0|0|623|
HAN|PENOBSCOT|1-1|2|8|131|2|365|55|304|378|0|0|0|1102|
HAN|SEDGWICK|1-1|2|7|133|2|403|40|241|315|0|0|0|999|
HAN|SORRENTO|1-1|2|7|136|1|104|8|96|76|0|0|0|284|
HAN|SOUTHWEST HARBOR|1-1|2|7|134|3|598|77|375|526|0|0|0|1576|
HAN|STONINGTON|1-1|2|7|134|2|312|39|174|390|0|0|0|915|
HAN|SULLIVAN|1-1|2|6|136|1|235|54|274|338|0|0|0|901|
HAN|SURRY|1-1|2|7|133|1|477|63|447|376|0|0|0|1363|
HAN|SWANS ISLAND|1-1|2|7|134|3|63|26|128|97|0|1|0|315|
HAN|TREMONT|1-1|2|7|134|3|387|43|309|426|0|0|0|1165|
HAN|TRENTON|1-1|2|7|132|3|350|75|408|495|0|1|0|1329|
HAN|VERONA ISLAND|1-1|2|8|131|2|132|14|147|148|0|0|0|441|
HAN|WALTHAM|1-1|2|7|136|1|51|11|141|82|0|0|0|285|
HAN|WINTER HARBOR|1-1|2|6|136|1|121|19|181|163|0|0|0|484|
KEN|ALBION|1-1|2|16|79|3|336|55|542|523|0|0|0|1456|
KEN|AUGUSTA|1-1|1|15|85|1|195|21|126|183|0|0|0|525|
KEN|AUGUSTA|1-1|1|15|86|1|1082|97|817|929|0|0|0|2925|
KEN|AUGUSTA|2-1|1|15|85|1|1240|156|961|1176|0|0|0|3533|
KEN|AUGUSTA|3-1|1|15|86|1|1103|125|889|1187|0|0|0|3304|
KEN|AUGUSTA|4-1|1|15|80|1|338|54|327|386|0|0|0|1105|
KEN|AUGUSTA|4-1|1|15|85|1|940|110|741|935|0|0|0|2726|
KEN|BELGRADE|1-1|2|17|76|3|699|111|879|956|0|0|0|2645|
KEN|BENTON|1-1|2|16|78|3|138|17|157|143|0|0|0|455|
KEN|BENTON|1-1|2|16|79|3|359|75|501|558|0|0|0|1493|
KEN|CHELSEA|1-1|1|14|88|1|575|97|607|790|0|1|0|2070|
KEN|CHINA|1-1|1|15|79|1|757|64|977|1130|0|0|0|2928|
KEN|CLINTON|1-1|2|16|106|3|599|104|729|919|0|0|1|2352|
KEN|FARMINGDALE|1-1|1|14|83|2|765|89|737|830|0|0|0|2421|
KEN|FAYETTE|1-1|2|17|76|2|299|65|261|308|0|0|0|933|
KEN|GARDINER|1-1|2|14|83|2|375|49|309|389|0|0|0|1122|
KEN|GARDINER|2-1|2|14|83|2|387|56|302|418|0|0|0|1163|
KEN|GARDINER|3-1|2|14|83|2|463|58|271|351|0|0|0|1143|
KEN|GARDINER|4-1|2|14|83|2|286|75|320|403|0|0|0|1084|
KEN|HALLOWELL|1-1|1|14|84|2|226|14|99|103|0|0|0|442|
KEN|HALLOWELL|2-1|1|14|84|2|232|12|60|113|0|0|0|417|
KEN|HALLOWELL|3-1|1|14|84|2|280|8|76|114|0|0|0|478|
KEN|HALLOWELL|4-1|1|14|84|2|187|19|71|92|0|0|0|369|
KEN|HALLOWELL|5-1|1|14|84|2|129|14|143|93|0|0|0|379|
KEN|LITCHFIELD|1-1|2|22|82|2|691|153|908|977|0|0|0|2729|
KEN|MANCHESTER|1-1|1|14|84|1|621|105|741|652|0|0|0|2119|
KEN|MONMOUTH|1-1|2|14|81|2|54|14|58|87|0|0|0|213|
KEN|MONMOUTH|1-1|2|14|82|2|790|163|1001|1113|0|0|0|3067|
KEN|MOUNT VERNON|1-1|2|17|76|2|425|81|390|516|0|0|0|1412|
KEN|OAKLAND|1-1|2|15|110|3|376|37|386|545|0|0|0|1344|
KEN|OAKLAND|1-1|2|15|77|3|876|102|1035|1242|0|1|0|3256|
KEN|PITTSTON|1-1|1|14|87|2|579|77|776|752|0|0|0|2184|
KEN|RANDOLPH|1-1|2|14|87|2|445|60|387|442|0|1|0|1335|
KEN|READFIELD|1-1|1|14|81|2|705|107|649|699|0|0|0|2160|
KEN|ROME|1-1|2|3|76|3|251|52|249|343|0|0|0|895|
KEN|SIDNEY|1-1|2|15|77|1|814|133|1265|1064|0|0|0|3276|
KEN|VASSALBORO|1-1|1|15|80|1|924|145|1072|1083|0|0|0|3224|
KEN|VIENNA|1-1|2|17|76|2|175|34|120|190|0|0|0|519|
KEN|WATERVILLE|1-1|1|16|110|3|483|47|300|566|0|0|0|1396|
KEN|WATERVILLE|2-1|1|16|110|3|564|56|264|531|0|0|0|1415|
KEN|WATERVILLE|3-1|1|16|110|3|1767|140|325|1143|0|0|0|3375|
KEN|WATERVILLE|4-1|1|16|109|3|782|72|462|529|0|0|0|1845|
KEN|WATERVILLE|5-1|1|16|109|3|647|55|404|568|0|0|0|1674|
KEN|WATERVILLE|6-1|1|16|109|3|619|69|242|449|0|0|0|1379|
KEN|WATERVILLE|6-1|1|16|110|3|135|13|56|99|0|0|0|303|
KEN|WATERVILLE|7-1|1|16|109|3|561|65|288|647|0|0|0|1561|
KEN|WAYNE|1-1|2|22|76|2|370|28|295|324|0|1|0|1018|
KEN|WEST GARDINER|1-1|2|14|84|2|752|155|974|1006|0|0|0|2887|
KEN|WINDSOR|1-1|1|13|80|1|432|110|694|636|0|0|0|1872|
KEN|WINSLOW|1-1|1|16|78|3|303|41|396|437|0|0|0|1177|
KEN|WINSLOW|2-1|1|16|78|3|390|41|283|415|0|0|0|1129|
KEN|WINSLOW|3-1|1|16|78|3|434|54|256|411|0|0|0|1155|
KEN|WINSLOW|4-1|1|16|78|3|406|50|349|359|0|0|0|1164|
KEN|WINSLOW|5-1|1|16|78|3|324|33|362|412|0|0|0|1131|
KEN|WINTHROP|1-1|1|14|81|2|1520|233|1489|1638|0|2|0|4882|
KNO|APPLETON|1-1|1|12|95|3|324|45|294|341|0|0|0|1004|
KNO|CAMDEN|1-1|1|12|94|3|2168|142|920|1237|0|0|0|4467|
KNO|CUSHING|1-1|1|12|92|2|308|60|356|438|0|0|0|1162|
KNO|FRIENDSHIP|1-1|1|12|91|2|228|55|379|327|0|0|0|989|
KNO|HOPE|1-1|1|12|95|3|406|50|380|357|0|0|0|1193|
KNO|ISLE AU HAUT|1-1|1|12|134|3|58|2|11|23|0|0|0|94|
KNO|MATINICUS ISLE PLT|1-1|1|12|92|3|22|3|25|34|0|0|0|84|
KNO|NORTH HAVEN|1-1|1|12|134|3|192|5|49|106|0|0|0|352|
KNO|OWLS HEAD|1-1|1|12|93|1|406|36|427|460|0|0|0|1329|
KNO|ROCKLAND|1-1|1|12|93|1|1945|201|1256|1778|0|1|0|5181|
KNO|ROCKPORT|1-1|1|12|94|3|1191|80|787|840|0|1|0|2899|
KNO|SAINT GEORGE|1-1|1|12|92|2|799|74|516|702|0|0|0|2091|
KNO|SOUTH THOMASTON|1-1|1|12|92|1|376|59|352|426|0|0|0|1213|
KNO|THOMASTON|1-1|1|12|92|1|695|124|566|652|0|0|0|2037|
KNO|UNION|1-1|1|12|91|2|167|35|240|231|0|0|0|673|
KNO|UNION|1-1|1|12|95|2|266|52|410|315|0|0|0|1043|
KNO|VINALHAVEN|1-1|1|12|134|3|389|44|163|427|0|0|0|1023|
KNO|WARREN|1-1|1|12|95|2|611|124|914|1051|0|0|0|2700|
KNO|WASHINGTON|1-1|1|13|91|2|306|65|379|475|0|1|0|1226|
LIN|ALNA|1-1|1|13|87|3|236|39|165|216|0|0|0|656|
LIN|BOOTHBAY|1-1|1|13|89|1|731|119|851|884|0|0|0|2585|
LIN|BOOTHBAY HARBOR|1-1|1|13|89|1|559|34|598|613|0|0|0|1804|
LIN|BREMEN|1-1|1|13|90|2|259|22|168|212|0|0|0|661|
LIN|BRISTOL|1-1|1|13|90|2|742|52|737|803|0|0|0|2334|
LIN|DAMARISCOTTA|1-1|1|13|90|3|732|84|463|602|0|0|0|1881|
LIN|DRESDEN|1-1|1|23|53|3|409|76|456|544|0|2|0|1487|
LIN|EDGECOMB|1-1|1|13|89|1|359|50|323|388|0|1|0|1121|
LIN|JEFFERSON|1-1|1|13|88|3|536|93|730|712|0|1|0|2072|
LIN|MONHEGAN ISLAND PLT|1-1|1|13|90|2|45|4|8|18|0|0|0|75|
LIN|NEWCASTLE|1-1|1|13|90|3|624|82|356|441|0|0|0|1503|
LIN|NOBLEBORO|1-1|1|13|88|2|209|40|302|251|0|0|0|802|
LIN|NOBLEBORO|1-1|1|13|90|2|254|34|206|219|0|0|0|713|
LIN|SOMERVILLE|1-1|1|13|80|3|103|33|144|165|0|0|0|445|
LIN|SOUTH BRISTOL|1-1|1|13|89|2|230|16|167|233|0|0|0|646|
LIN|SOUTH BRISTOL|1-1|1|13|90|2|39|14|60|80|0|0|0|193|
LIN|SOUTHPORT|1-1|1|13|89|1|166|12|240|140|0|0|0|558|
LIN|WALDOBORO|1-1|1|13|91|2|1032|153|1210|1360|0|0|0|3755|
LIN|WESTPORT ISLAND|1-1|1|13|89|1|179|30|215|224|0|0|0|648|
LIN|WHITEFIELD|1-1|1|13|88|3|527|84|547|606|0|0|0|1764|
LIN|WISCASSET|1-1|1|13|87|1|753|109|988|1108|0|0|0|2958|
OXF|ALBANY TWP|1-1|2|18|117|1|97|19|117|137|0|0|0|370|
OXF|ANDOVER|1-1|2|18|117|2|131|33|191|306|0|0|0|661|
OXF|BETHEL|1-1|2|18|117|2|614|45|613|1067|0|2|0|2341|
OXF|BROWNFIELD|1-1|2|19|70|1|295|76|308|485|0|0|0|1164|
OXF|BUCKFIELD|1-1|2|18|73|3|254|10|397|775|1|0|0|1437|
OXF|BYRON|1-1|2|18|117|2|40|10|32|39|0|0|0|121|
OXF|CANTON|1-1|2|18|116|2|224|49|253|309|0|0|0|835|
OXF|DENMARK|1-1|2|19|69|1|242|26|326|403|0|0|0|997|
OXF|DIXFIELD|1-1|2|18|116|2|415|149|411|699|0|1|0|1675|
OXF|FRYEBURG|1-1|2|19|70|1|760|160|818|1171|0|0|0|2909|
OXF|GILEAD|1-1|2|18|117|2|36|3|42|72|0|0|0|153|
OXF|GREENWOOD|1-1|2|18|117|1|171|39|163|285|0|0|0|658|
OXF|HANOVER|1-1|2|18|117|2|61|5|99|96|0|0|0|261|
OXF|HARTFORD|1-1|2|18|116|3|210|61|277|411|0|0|0|959|
OXF|HEBRON|1-1|2|18|73|3|240|68|288|350|0|3|0|949|
OXF|HIRAM|1-1|2|19|70|1|274|37|329|468|0|0|0|1108|
OXF|LINCOLN PLT|1-1|2|18|117|2|4|5|18|10|0|1|0|38|
OXF|LOVELL|1-1|2|18|117|1|21|5|29|37|0|0|0|92|
OXF|LOVELL|1-1|2|18|70|1|276|37|249|381|0|0|0|943|
OXF|MAGALLOWAY PLT|1-1|2|18|117|2|3|0|13|16|0|0|0|32|
OXF|MEXICO|1-1|2|18|116|2|678|73|308|776|0|0|0|1835|
OXF|NEWRY|1-1|2|18|117|2|86|12|120|111|0|0|0|329|
OXF|NORWAY|1-1|2|19|71|1|1133|197|1157|1561|0|0|0|4048|
OXF|OTISFIELD|1-1|2|19|72|3|361|88|446|540|0|1|0|1436|
OXF|OXFORD|1-1|2|19|72|3|708|161|1059|1335|0|0|0|3263|
OXF|PARIS|1-1|2|19|73|3|976|212|1119|1487|0|2|0|3796|
OXF|PERU|1-1|2|18|116|2|342|65|294|575|0|0|0|1276|
OXF|PORTER|1-1|2|19|70|1|238|47|348|436|0|0|0|1069|
OXF|ROXBURY|1-1|2|18|115|2|110|16|82|109|0|0|0|317|
OXF|RUMFORD|1-1|2|18|115|2|1549|183|841|1716|0|0|0|4289|
OXF|STONEHAM|1-1|2|18|117|1|63|7|58|96|0|0|0|224|
OXF|STOW|1-1|2|18|117|1|80|18|80|94|0|0|0|272|
OXF|SUMNER|1-1|2|18|115|3|158|49|204|291|0|0|0|702|
OXF|SWEDEN|1-1|2|18|71|1|77|21|92|129|0|0|0|319|
OXF|UPTON|1-1|2|18|117|2|15|5|30|33|0|0|0|83|
OXF|WATERFORD|1-1|2|18|71|1|296|48|390|375|0|0|0|1109|
OXF|WEST PARIS|1-1|2|18|71|3|314|30|370|582|0|0|0|1296|
OXF|WOODSTOCK|1-1|2|18|115|3|281|78|314|446|0|0|0|1119|
PEN|ALTON|1-1|2|4|121|3|187|31|212|248|0|0|0|678|
PEN|BANGOR|1-1|2|9|124|1|1829|176|1446|1959|0|1|0|5411|
PEN|BANGOR|1-1|2|9|125|1|2105|214|1564|2060|0|3|0|5946|
PEN|BANGOR|1-1|2|9|126|1|1680|176|1357|2029|0|0|0|5242|
PEN|BANGOR|1-1|2|9|127|1|2243|203|1465|2166|0|0|0|6077|
PEN|BRADFORD|1-1|2|4|137|3|170|58|301|336|0|0|0|865|
PEN|BRADLEY|1-1|2|8|137|3|438|72|308|359|0|0|0|1177|
PEN|BREWER|1-1|2|8|128|1|2012|290|2370|2145|0|0|0|6817|
PEN|BREWER|1-1|2|8|129|1|128|19|195|153|0|0|0|495|
PEN|BURLINGTON|1-1|2|8|141|3|56|10|87|124|0|0|0|277|
PEN|CARMEL|1-1|2|10|103|2|411|85|791|810|0|0|0|2097|
PEN|CARROLL PLT|1-1|2|2|141|3|13|8|49|44|0|0|0|114|
PEN|CHARLESTON|1-1|2|4|104|2|149|37|426|320|0|0|0|932|
PEN|CHESTER|1-1|2|5|141|3|105|31|209|149|0|0|0|494|
PEN|CLIFTON|1-1|2|8|129|1|176|31|263|331|0|0|0|801|
PEN|CORINNA|1-1|2|10|100|2|315|86|642|522|0|0|0|1565|
PEN|CORINTH|1-1|2|10|121|2|359|59|897|692|0|0|0|2007|
PEN|DEXTER|1-1|2|4|104|2|613|180|870|774|0|1|0|2438|
PEN|DIXMONT|1-1|2|10|100|2|253|26|325|268|0|0|0|872|
PEN|DREW PLT|1-1|2|2|141|3|11|4|12|6|0|0|0|33|
PEN|EAST MILLINOCKET|1-1|2|5|143|3|505|52|383|310|0|0|0|1250|
PEN|EDDINGTON|1-1|2|8|129|1|392|92|624|563|0|0|0|1671|
PEN|EDINBURG|1-1|2|5|137|3|52|4|38|48|0|0|0|142|
PEN|ENFIELD|1-1|2|5|142|3|372|34|374|431|0|0|0|1211|
PEN|ETNA|1-1|2|10|100|2|179|25|253|217|0|0|0|674|
PEN|ETNA|1-1|2|10|103|2|51|10|91|66|0|0|0|218|
PEN|EXETER|1-1|2|10|104|2|173|13|274|263|0|0|0|723|
PEN|GARLAND|1-1|2|4|104|2|167|40|276|309|0|0|0|792|
PEN|GLENBURN|1-1|2|10|102|2|832|120|1212|1152|0|0|0|3316|
PEN|GREENBUSH|1-1|2|5|137|3|244|57|337|446|0|0|0|1084|
PEN|HAMPDEN|1-1|2|10|101|2|447|46|448|486|0|1|0|1428|
PEN|HAMPDEN|2-1|2|10|101|2|423|53|533|467|0|0|0|1476|
PEN|HAMPDEN|3-1|2|10|101|2|374|47|547|450|0|0|0|1418|
PEN|HAMPDEN|4-1|2|10|101|2|349|44|611|509|0|0|0|1513|
PEN|HERMON|1-1|2|9|103|2|1043|167|1871|1538|0|0|0|4619|
PEN|HOLDEN|1-1|2|8|129|1|647|139|1069|794|0|0|0|2649|
PEN|HOWLAND|1-1|2|5|142|3|315|33|279|233|0|0|0|860|
PEN|HUDSON|1-1|2|10|121|2|239|42|374|447|0|1|0|1103|
PEN|KENDUSKEAG|1-1|2|10|102|2|238|42|340|409|0|0|0|1029|
PEN|KINGMAN TWP|1-1|2|2|141|3|37|9|30|29|0|0|0|105|
PEN|LAGRANGE|1-1|2|4|137|3|112|29|138|218|0|0|0|497|
PEN|LAKEVILLE|1-1|2|2|141|3|19|6|36|35|0|0|0|96|
PEN|LEE|1-1|2|2|141|3|140|24|277|232|0|0|0|673|
PEN|LEVANT|1-1|2|10|102|2|400|80|836|664|0|0|0|1980|
PEN|LINCOLN|1-1|2|8|142|3|811|124|1175|1108|0|1|0|3219|
PEN|LOWELL|1-1|2|8|141|3|85|24|123|97|0|0|0|329|
PEN|MATTAWAMKEAG|1-1|2|5|141|3|168|22|137|219|0|0|0|546|
PEN|MAXFIELD|1-1|2|5|142|3|16|2|30|25|0|0|0|73|
PEN|MEDWAY|1-1|2|5|143|3|289|34|339|337|0|0|0|999|
PEN|MILFORD|1-1|2|5|121|3|881|125|625|961|0|0|0|2592|
PEN|MILLINOCKET|1-1|2|5|143|3|1141|86|791|1148|0|0|0|3166|
PEN|MILLINOCKET|1-2|2|5|143|3|93|4|76|120|0|0|0|293|
PEN|MOUNT CHASE|1-1|2|2|145|3|29|2|69|61|0|0|0|161|
PEN|NEWBURGH|1-1|2|10|101|2|276|59|389|505|0|0|0|1229|
PEN|NEWPORT|1-1|2|10|100|2|564|49|918|764|0|0|0|2295|
PEN|OLD TOWN|1-1|2|5|122|3|2184|255|1322|2229|0|3|0|5993|
PEN|OLD TOWN|5-1|2|5|122|3|25|2|24|44|0|2|0|97|
PEN|ORONO|1-1|2|5|123|3|1556|227|696|1433|0|0|0|3912|
PEN|ORONO|1-2|2|5|123|3|1155|240|642|1790|0|0|0|3827|
PEN|ORONO|1-3|2|5|123|3|787|64|346|467|0|0|0|1664|
PEN|ORONO|1-3|2|5|124|3|450|43|306|376|0|0|0|1175|
PEN|ORRINGTON|1-1|2|8|130|2|735|153|1224|991|0|0|0|3103|
PEN|PASSADUMKEAG|1-1|2|5|137|3|91|12|102|92|0|0|0|297|
PEN|PATTEN|1-1|2|2|143|3|136|36|248|260|0|0|0|680|
PEN|PENOBSCOT NATION VOTING DISTRICT|1-1|2|5|122|3|211|24|30|135|0|0|0|400|
PEN|PLYMOUTH|1-1|2|10|100|2|187|27|403|416|0|0|0|1033|
PEN|PRENTISS TWP T7 R3 NBPP|1-1|2|2|141|3|28|12|54|31|0|0|0|125|
PEN|SEBOEIS PLT|1-1|2|5|142|3|14|3|15|15|0|0|0|47|
PEN|SPRINGFIELD|1-1|2|2|141|3|40|12|76|95|0|0|0|223|
PEN|STACYVILLE|1-1|2|2|145|3|32|13|97|120|0|0|0|262|
PEN|STETSON|1-1|2|10|104|2|190|53|357|435|0|0|0|1035|
PEN|VEAZIE|1-1|2|5|129|1|509|66|487|506|0|0|0|1568|
PEN|WEBSTER PLT|1-1|2|2|141|3|13|11|20|13|0|0|0|57|
PEN|WINN|1-1|2|2|141|3|56|6|98|86|0|0|0|246|
PEN|WOODVILLE|1-1|2|5|142|3|47|6|61|60|0|0|0|174|
PIS|ABBOT|1-1|2|4|119|1|92|22|192|158|0|0|0|464|
PIS|ATKINSON|1-1|2|4|120|2|56|15|81|87|0|0|0|239|
PIS|BEAVER COVE|1-1|2|4|119|3|17|8|45|50|0|0|0|120|
PIS|BOWERBANK|1-1|2|4|119|2|30|7|58|38|0|0|0|133|
PIS|BROWNVILLE|1-1|2|4|120|3|274|29|282|422|0|0|0|1007|
PIS|DOVER-FOXCROFT|1-1|2|4|120|2|740|109|1036|913|0|0|0|2798|
PIS|GREENVILLE|1-1|2|4|119|3|376|52|588|609|0|1|0|1626|
PIS|GUILFORD|1-1|2|4|119|1|215|27|322|297|0|0|0|861|
PIS|KINGSBURY PLT|1-1|2|4|118|1|6|1|18|9|0|0|0|34|
PIS|LAKE VIEW PLT|1-1|2|4|120|3|24|2|28|41|0|0|0|95|
PIS|MEDFORD|1-1|2|4|120|2|44|10|70|66|0|0|0|190|
PIS|MILO|1-1|2|4|120|3|542|107|629|641|0|0|0|1919|
PIS|MONSON|1-1|2|4|119|1|136|25|215|193|0|0|0|569|
PIS|PARKMAN|1-1|2|4|119|1|121|22|235|255|0|0|0|633|
PIS|SANGERVILLE|1-1|2|4|119|1|234|50|395|335|0|0|0|1014|
PIS|SEBEC|1-1|2|4|119|2|95|26|220|165|0|0|0|506|
PIS|SHIRLEY|1-1|2|4|119|1|39|7|67|70|0|0|0|183|
PIS|WELLINGTON|1-1|2|4|118|1|60|14|38|58|0|0|0|170|
PIS|WILLIMANTIC|1-1|2|4|119|1|19|6|58|42|0|0|0|125|
SAG|ARROWSIC|1-1|1|23|53|3|213|15|78|109|0|0|0|415|
SAG|BATH|1-1|1|23|52|2|412|40|217|313|0|0|0|982|
SAG|BATH|2-1|1|23|52|2|390|50|234|370|0|0|0|1044|
SAG|BATH|3-1|1|23|52|2|349|52|210|375|0|0|0|986|
SAG|BATH|4-1|1|23|52|2|369|28|178|231|0|0|0|806|
SAG|BATH|5-1|1|23|52|2|436|46|226|395|0|0|0|1103|
SAG|BATH|6-1|1|23|52|2|367|31|167|376|0|0|0|941|
SAG|BATH|7-1|1|23|52|2|444|37|281|351|0|3|0|1116|
SAG|BOWDOIN|1-1|1|23|55|1|564|103|794|1095|0|0|0|2556|
SAG|BOWDOINHAM|1-1|1|23|55|2|796|73|629|925|0|0|0|2423|
SAG|GEORGETOWN|1-1|1|23|53|3|358|26|293|284|0|0|0|961|
SAG|PHIPPSBURG|1-1|1|23|53|3|575|67|620|666|0|1|0|1929|
SAG|RICHMOND|1-1|1|23|53|3|17|7|34|31|0|0|0|89|
SAG|RICHMOND|1-1|1|23|55|3|698|165|734|703|0|2|0|2302|
SAG|TOPSHAM|1-1|1|23|54|1|2515|234|2015|2865|0|1|0|7630|
SAG|WEST BATH|1-1|1|23|51|3|501|70|489|575|0|0|0|1635|
SAG|WOOLWICH|1-1|1|23|53|3|734|135|846|798|0|0|0|2513|
SOM|ANSON|1-1|2|3|112|2|393|80|506|672|0|0|0|1651|
SOM|ATHENS|1-1|2|4|118|5|223|25|205|317|0|0|0|770|
SOM|BINGHAM|1-1|2|3|118|5|200|29|237|302|0|0|0|768|
SOM|BRIGHTON PLT|1-1|2|4|118|5|17|4|14|35|0|0|0|70|
SOM|CAMBRIDGE|1-1|2|4|105|3|56|10|129|136|0|0|0|331|
SOM|CANAAN|1-1|2|3|105|4|414|76|460|473|0|0|0|1423|
SOM|CARATUNK|1-1|2|3|118|5|15|3|27|11|0|0|0|56|
SOM|CORNVILLE|1-1|2|3|118|5|211|37|355|366|0|0|0|969|
SOM|DENNISTOWN PLT|1-1|2|3|118|5|3|2|13|10|0|0|0|28|
SOM|DETROIT|1-1|2|4|106|3|196|83|166|231|0|0|0|676|
SOM|EMBDEN|1-1|2|3|118|5|182|38|260|284|0|0|0|764|
SOM|FAIRFIELD|1-1|2|16|108|1|1307|163|1283|1581|0|0|0|4334|
SOM|HARMONY|1-1|2|4|118|5|192|22|229|271|0|0|0|714|
SOM|HARTLAND|1-1|2|4|105|5|310|58|503|305|0|0|0|1176|
SOM|HIGHLAND PLT|1-1|2|3|118|5|28|16|64|54|0|0|0|162|
SOM|JACKMAN|1-1|2|3|118|5|130|5|243|285|0|0|0|663|
SOM|JACKMAN|1-2|2|3|118|5|13|0|23|34|0|0|0|70|
SOM|MADISON|1-1|2|3|107|2|15|5|20|16|0|0|0|56|
SOM|MADISON|1-1|2|3|111|2|937|124|933|1189|0|0|0|3183|
SOM|MERCER|1-1|2|3|108|2|129|26|166|192|0|0|0|513|
SOM|MOOSE RIVER|1-1|2|3|118|5|14|4|77|50|0|0|0|145|
SOM|MOSCOW|1-1|2|3|118|5|101|19|115|123|0|0|0|358|
SOM|NEW PORTLAND|1-1|2|3|112|2|158|62|209|235|0|0|0|664|
SOM|NORRIDGEWOCK|1-1|2|3|111|1|708|142|815|780|0|0|0|2445|
SOM|PALMYRA|1-1|2|4|105|3|327|58|591|492|0|0|0|1468|
SOM|PITTSFIELD|1-1|2|3|106|3|174|16|214|268|0|0|0|672|
SOM|PITTSFIELD|1-2|2|3|106|3|211|26|199|254|0|0|0|690|
SOM|PITTSFIELD|1-3|2|3|106|3|245|35|266|286|0|0|0|832|
SOM|PITTSFIELD|1-4|2|3|106|3|183|35|315|297|0|0|0|830|
SOM|PLEASANT RIDGE PLT|1-1|2|3|118|5|12|1|31|29|0|0|0|73|
SOM|RIPLEY|1-1|2|4|105|3|69|17|142|132|0|1|0|361|
SOM|ROCKWOOD STRIP TWP|1-1|2|3|118|5|51|14|115|82|0|0|0|262|
SOM|SAINT ALBANS|1-1|2|4|105|3|289|15|579|513|0|0|0|1396|
SOM|SKOWHEGAN|1-1|2|3|107|4|1954|194|1913|2240|0|0|0|6301|
SOM|SMITHFIELD|1-1|2|3|108|2|188|28|249|266|0|0|0|731|
SOM|SOLON|1-1|2|3|111|5|210|35|221|296|0|0|0|762|
SOM|STARKS|1-1|2|3|112|2|125|22|121|239|0|0|0|507|
SOM|THE FORKS PLT|1-1|2|3|118|5|6|8|17|23|0|0|0|54|
SOM|WEST FORKS PLT|1-1|2|3|118|5|8|2|26|21|0|0|0|57|
WAL|BELFAST|1-1|2|11|97|1|505|32|239|273|0|0|0|1049|
WAL|BELFAST|2-1|2|11|97|1|484|41|190|282|0|0|0|997|
WAL|BELFAST|3-1|2|11|97|1|558|65|224|370|0|0|0|1217|
WAL|BELFAST|4-1|2|11|97|1|431|48|286|390|0|0|0|1155|
WAL|BELFAST|5-1|2|11|97|1|315|43|310|392|0|0|0|1060|
WAL|BELMONT|1-1|2|11|96|1|176|47|249|267|0|0|0|739|
WAL|BROOKS|1-1|2|11|99|3|180|37|294|227|0|0|0|738|
WAL|BURNHAM|1-1|2|11|99|3|187|41|235|445|0|0|0|908|
WAL|FRANKFORT|1-1|2|11|98|2|188|46|238|353|0|0|0|825|
WAL|FREEDOM|1-1|2|11|99|3|159|43|150|218|0|0|0|570|
WAL|ISLESBORO|1-1|2|11|94|1|272|17|68|200|0|0|0|557|
WAL|JACKSON|1-1|2|11|99|2|123|16|129|173|0|0|0|441|
WAL|KNOX|1-1|2|11|99|3|124|29|217|262|0|0|0|632|
WAL|LIBERTY|1-1|2|11|96|3|211|36|233|233|0|0|0|713|
WAL|LINCOLNVILLE|1-1|2|11|96|1|730|118|479|605|0|2|0|1934|
WAL|MONROE|1-1|2|11|99|2|256|60|230|261|0|0|0|807|
WAL|MONTVILLE|1-1|2|11|96|3|247|44|198|298|0|0|0|787|
WAL|MORRILL|1-1|2|11|96|1|151|29|291|227|0|0|0|698|
WAL|NORTHPORT|1-1|2|11|97|1|430|54|390|415|0|0|0|1289|
WAL|PALERMO|1-1|2|11|96|3|285|81|420|381|0|0|0|1167|
WAL|PROSPECT|1-1|2|11|131|2|115|26|162|223|0|0|0|526|
WAL|SEARSMONT|1-1|2|11|96|3|341|49|290|372|0|1|0|1053|
WAL|SEARSPORT|1-1|2|11|98|2|624|109|705|839|0|0|0|2277|
WAL|STOCKTON SPRINGS|1-1|2|11|131|2|400|39|412|524|0|0|0|1375|
WAL|SWANVILLE|1-1|2|11|98|2|284|52|344|542|0|0|0|1222|
WAL|THORNDIKE|1-1|2|11|99|3|162|54|190|230|0|0|0|636|
WAL|TROY|1-1|2|11|99|3|168|61|244|300|0|0|0|773|
WAL|UNITY|1-1|2|11|99|3|468|148|422|665|0|0|0|1703|
WAL|WALDO|1-1|2|11|97|1|163|45|204|225|0|0|0|637|
WAL|WINTERPORT|1-1|2|11|98|2|813|183|1012|1063|0|0|0|3071|
WAS|ADDISON|1-1|2|6|138|3|215|32|341|304|0|0|0|892|
WAS|ALEXANDER|1-1|2|6|141|1|100|13|156|154|0|0|0|423|
WAS|BAILEYVILLE|1-1|2|6|140|1|280|29|285|408|0|0|0|1002|
WAS|BARING PLT|1-1|2|6|140|1|53|8|47|47|0|0|0|155|
WAS|BEALS|1-1|2|6|138|3|125|12|104|105|0|0|0|346|
WAS|BEDDINGTON|1-1|2|6|137|1|7|3|18|21|0|0|0|49|
WAS|BIG LAKE TWP|1-1|2|6|141|1|16|1|33|31|0|0|0|81|
WAS|BROOKTON TWP|1-1|2|6|141|1|34|3|71|46|0|0|0|154|
WAS|CALAIS|1-1|2|6|140|1|506|36|682|945|0|0|0|2169|
WAS|CHARLOTTE|1-1|2|6|140|1|51|9|109|70|0|1|0|240|
WAS|CHERRYFIELD|1-1|2|6|138|3|227|34|352|368|0|0|0|981|
WAS|CODYVILLE PLT|1-1|2|6|141|1|1|0|1|10|0|0|0|12|
WAS|COLUMBIA|1-1|2|6|138|3|55|15|115|126|0|0|0|311|
WAS|COLUMBIA FALLS|1-1|2|6|138|3|110|17|171|166|0|0|0|464|
WAS|COOPER|1-1|2|6|141|1|39|5|68|36|0|0|0|148|
WAS|CRAWFORD|1-1|2|6|141|1|13|0|48|28|0|0|0|89|
WAS|CUTLER|1-1|2|6|139|2|79|14|166|145|0|0|0|404|
WAS|DANFORTH|1-1|2|6|141|1|98|21|158|204|0|0|0|481|
WAS|DEBLOIS|1-1|2|6|137|1|15|1|23|6|0|0|0|45|
WAS|DENNYSVILLE|1-1|2|6|141|2|68|7|78|74|0|0|0|227|
WAS|EAST MACHIAS|1-1|2|6|139|2|233|58|353|308|0|0|0|952|
WAS|EASTPORT|1-1|2|6|139|2|439|35|301|343|0|0|0|1118|
WAS|EDMUNDS TWP|1-1|2|6|141|2|53|6|70|81|0|0|0|210|
WAS|GRAND LAKE STREAM PLT|1-1|2|6|141|1|25|10|50|33|0|0|0|118|
WAS|HARRINGTON|1-1|2|6|138|3|183|33|253|232|0|0|0|701|
WAS|INDIAN TOWNSHIP|1-1|2|6|140|1|300|14|48|151|0|0|0|513|
WAS|JONESBORO|1-1|2|6|138|3|113|13|149|124|0|0|0|399|
WAS|JONESPORT|1-1|2|6|138|3|334|46|305|272|0|0|0|957|
WAS|LUBEC|1-1|2|6|139|2|413|20|262|533|0|0|0|1228|
WAS|MACHIAS|1-1|2|6|139|2|469|60|454|567|0|0|0|1550|
WAS|MACHIASPORT|1-1|2|6|139|3|236|28|247|309|0|0|0|820|
WAS|MARSHFIELD|1-1|2|6|138|1|81|10|177|117|0|0|0|385|
WAS|MEDDYBEMPS|1-1|2|6|141|1|24|10|47|34|0|0|0|115|
WAS|MILBRIDGE|1-1|2|6|138|3|267|49|299|334|0|0|0|949|
WAS|NORTHFIELD|1-1|2|6|137|1|35|7|47|42|0|0|0|131|
WAS|PEMBROKE|1-1|2|6|140|2|165|28|189|197|0|1|0|580|
WAS|PERRY|1-1|2|6|140|2|159|31|205|210|0|0|0|605|
WAS|PLEASANT POINT VOTING DISTRICT|1-1|2|6|140|2|218|18|28|223|0|0|0|487|
WAS|PRINCETON|1-1|2|6|141|1|72|9|98|119|0|0|0|298|
WAS|PRINCETON|1-2|2|6|141|1|63|9|83|106|0|0|0|261|
WAS|ROBBINSTON|1-1|2|6|140|1|116|23|173|126|0|0|0|438|
WAS|ROQUE BLUFFS|1-1|2|6|139|3|72|7|47|90|0|0|0|216|
WAS|STEUBEN|1-1|2|6|136|3|219|34|277|329|0|1|0|860|
WAS|TALMADGE|1-1|2|6|141|1|9|5|13|14|0|0|0|41|
WAS|TOPSFIELD|1-1|2|6|141|1|23|1|56|81|0|0|0|161|
WAS|VANCEBORO|1-1|2|6|141|1|46|1|34|45|0|0|0|126|
WAS|WAITE|1-1|2|6|141|1|18|1|31|16|0|0|0|66|
WAS|WESLEY|1-1|2|6|137|1|24|4|30|49|0|0|0|107|
WAS|WHITING|1-1|2|6|139|2|150|10|142|116|0|0|0|418|
WAS|WHITNEYVILLE|1-1|2|6|138|1|52|6|46|71|0|0|0|175|
YOR|ACTON|1-1|1|34|20|1|532|120|698|763|0|0|0|2113|
YOR|ALFRED|1-1|1|32|21|4|460|43|477|681|0|0|0|1661|
YOR|ALFRED|1-2|1|32|21|4|241|26|175|323|0|0|0|765|
YOR|ARUNDEL|1-1|1|32|10|2|996|97|929|1360|0|0|0|3382|
YOR|BERWICK|1-1|1|34|5|1|952|70|1055|2066|0|0|0|4143|
YOR|BERWICK|1-1|1|35|5|1|407|20|466|875|0|0|0|1768|
YOR|BIDDEFORD|1-1|1|32|11|2|88|7|41|36|0|0|0|172|
YOR|BIDDEFORD|1-1|1|32|9|2|952|62|340|565|0|0|0|1919|
YOR|BIDDEFORD|2-1|1|32|11|2|194|13|85|104|0|0|0|396|
YOR|BIDDEFORD|2-1|1|32|12|2|717|88|220|639|0|0|0|1664|
YOR|BIDDEFORD|3-1|1|32|11|2|541|51|196|293|0|0|0|1081|
YOR|BIDDEFORD|3-1|1|32|12|2|373|17|148|190|0|0|0|728|
YOR|BIDDEFORD|3-1|1|32|9|2|278|23|114|186|0|0|0|601|
YOR|BIDDEFORD|4-1|1|32|11|2|268|19|104|139|0|0|0|530|
YOR|BIDDEFORD|4-1|1|32|12|2|653|64|190|440|0|1|0|1348|
YOR|BIDDEFORD|5-1|1|32|11|2|160|15|59|120|0|0|0|354|
YOR|BIDDEFORD|5-1|1|32|12|2|779|96|238|693|0|0|0|1806|
YOR|BIDDEFORD|6-1|1|32|11|2|942|67|407|688|0|0|0|2104|
YOR|BIDDEFORD|7-1|1|32|11|2|819|61|315|494|0|0|0|1689|
YOR|BUXTON|1-1|1|30|16|3|810|132|875|937|0|0|0|2754|
YOR|BUXTON|1-1|1|30|22|3|634|105|839|985|0|0|0|2563|
YOR|BUXTON|1-1|1|31|16|3|286|35|328|293|0|0|0|942|
YOR|CORNISH|1-1|1|33|68|1|317|60|334|452|0|0|0|1163|
YOR|DAYTON|1-1|1|32|10|3|403|46|511|652|0|0|0|1612|
YOR|ELIOT|1-1|1|35|2|5|1940|161|1663|2375|0|0|0|6139|
YOR|HOLLIS|1-1|1|31|16|3|892|163|1139|1204|0|1|0|3399|
YOR|KENNEBUNK|1-1|1|34|8|2|784|50|652|1224|0|0|0|2710|
YOR|KENNEBUNK|1-2|1|34|8|2|1642|80|1164|1957|0|0|0|4843|
YOR|KENNEBUNK|1-2|1|34|9|2|480|13|552|603|0|0|0|1648|
YOR|KENNEBUNKPORT|1-1|1|32|9|2|972|66|930|910|0|0|0|2878|
YOR|KITTERY|1-1|1|35|1|5|2983|170|1536|2593|0|0|0|7282|
YOR|KITTERY|1-1|1|35|2|5|233|14|205|290|0|0|0|742|
YOR|LEBANON|1-1|1|34|20|1|971|202|1258|2301|0|1|0|4733|
YOR|LIMERICK|1-1|1|33|21|1|271|52|313|472|0|0|0|1108|
YOR|LIMERICK|1-1|1|33|22|1|286|40|291|470|0|0|0|1087|
YOR|LIMINGTON|1-1|1|31|22|1|588|157|797|810|0|0|0|2352|
YOR|LYMAN|1-1|1|32|10|4|691|104|743|949|0|0|0|2487|
YOR|LYMAN|1-1|1|32|17|4|281|35|306|389|0|1|0|1012|
YOR|NEWFIELD|1-1|1|33|21|1|255|64|402|468|0|1|0|1190|
YOR|NORTH BERWICK|1-1|1|34|5|1|298|44|375|479|0|1|0|1197|
YOR|NORTH BERWICK|1-1|1|34|6|1|703|103|770|1038|0|0|0|2614|
YOR|OGUNQUIT|1-1|1|35|4|5|473|39|278|431|0|0|0|1221|
YOR|OLD ORCHARD BEACH|1-1|1|31|13|3|2990|227|1788|2734|0|1|0|7740|
YOR|PARSONSFIELD|1-1|1|33|21|1|216|47|250|342|0|0|0|855|
YOR|PARSONSFIELD|1-1|1|33|68|1|110|16|137|154|0|0|0|417|
YOR|SACO|1-1|1|31|15|3|773|69|527|655|0|0|0|2024|
YOR|SACO|1-1|1|31|16|3|24|2|19|40|0|0|0|85|
YOR|SACO|2-1|1|31|15|3|623|84|528|695|0|0|0|1930|
YOR|SACO|2-1|1|31|16|3|46|5|73|71|0|0|0|195|
YOR|SACO|3-1|1|31|14|3|383|37|193|338|0|0|0|951|
YOR|SACO|3-1|1|31|15|3|424|47|294|454|0|0|0|1219|
YOR|SACO|4-1|1|31|14|3|1030|82|683|790|0|0|0|2585|
YOR|SACO|5-1|1|31|14|3|301|30|134|245|0|0|0|710|
YOR|SACO|5-1|1|31|15|3|555|38|302|485|0|0|0|1380|
YOR|SACO|6-1|1|31|14|3|889|84|405|742|0|0|0|2120|
YOR|SACO|6-1|1|31|15|3|5|1|10|12|0|0|0|28|
YOR|SACO|7-1|1|31|14|3|615|73|234|596|0|0|0|1518|
YOR|SACO|7-1|1|31|15|3|229|35|137|186|0|0|0|587|
YOR|SANFORD|1-1|1|33|18|4|216|23|129|287|0|0|0|655|
YOR|SANFORD|1-1|1|33|19|4|1274|117|1000|1623|0|0|0|4014|
YOR|SANFORD|2-1|1|33|18|4|1608|189|1103|2174|0|0|0|5074|
YOR|SANFORD|3-1|1|33|19|4|720|77|611|860|0|1|0|2269|
YOR|SANFORD|3-1|1|33|4|4|701|77|589|931|0|0|0|2298|
YOR|SHAPLEIGH|1-1|1|33|20|4|148|32|185|220|0|0|0|585|
YOR|SHAPLEIGH|1-1|1|33|21|4|370|86|435|500|0|0|0|1391|
YOR|SOUTH BERWICK|1-1|1|35|2|1|419|32|317|480|0|0|0|1248|
YOR|SOUTH BERWICK|1-1|1|35|6|1|1584|138|1094|1548|0|0|0|4364|
YOR|WATERBORO|1-1|1|33|17|4|620|118|770|761|0|0|0|2269|
YOR|WATERBORO|2-1|1|33|17|4|784|196|924|1159|0|1|0|3064|
YOR|WELLS|1-1|1|34|4|5|199|10|170|388|0|0|0|767|
YOR|WELLS|1-1|1|34|7|5|2185|89|2214|3847|0|1|0|8336|
YOR|YORK|1-1|1|35|3|5|2864|174|2141|3194|0|0|0|8373|
YOR|YORK|1-1|1|35|4|5|1089|73|895|1400|0|0|0|3457|
